DatosClimaticos/DatosMaxEnt/2023/BIO12_2023.asc
ncols        206
nrows        206
xllcorner    -76.208333333333
yllcorner    4.492353333333
cellsize     0.008330000000
NODATA_value -9999
[rows 176 to 197 of 206, columns 100 to 149 of 206]
1215.199951171875 1216.800048828125 1218.5999755859375 1230.0999755859375 1242.0999755859375 1254.300048828125 1266.300048828125 1278.300048828125 1280.9000244140625 1283.199951171875 1285.199951171875 1287.300048828125 1289.5 1308.300048828125 1327.800048828125 1347.300048828125 1366.5999755859375 1386.199951171875 1437.199951171875 1489.800048828125 1542.5 1595.300048828125 1648 1678 1706.4000244140625 1735.4000244140625 1764.199951171875 1792.9000244140625 1819.199951171875 1845.5 1871.800048828125 1898.199951171875 1924.300048828125 1948.699951171875 1973.199951171875 1997.5999755859375 2022.0999755859375 2046.300048828125 2059.5 2071.89990234375 2084.39990234375 2096.699951171875 2109.10009765625 2102.5 2094.699951171875 2086.89990234375 2079.10009765625 2071.199951171875 2069.800048828125 2068.699951171875
1217.699951171875 1223.5999755859375 1229.5999755859375 1241.5999755859375 1254 1266.4000244140625 1279 1291.5 1292.5 1293.199951171875 1293.9000244140625 1294.699951171875 1295.300048828125 1316.300048828125 1338.5 1360.5999755859375 1382.9000244140625 1405 1455.800048828125 1508.0999755859375 1560.4000244140625 1612.699951171875 1664.9000244140625 1691.199951171875 1716 1740.9000244140625 1765.5999755859375 1790.5 1819.300048828125 1848.4000244140625 1877.5 1906.4000244140625 1935.5999755859375 1954.5 1972.9000244140625 1991.0999755859375 2009.699951171875 2027.9000244140625 2040.5 2052.60009765625 2064.60009765625 2076.39990234375 2088.89990234375 2083.89990234375 2077.89990234375 2072.300048828125 2066.39990234375 2060.300048828125 2059.699951171875 2059.5
1214.699951171875 1219.0999755859375 1223.199951171875 1233.4000244140625 1244 1254.4000244140625 1264.9000244140625 1275.5 1276.699951171875 1277.300048828125 1278.0999755859375 1278.800048828125 1279.5999755859375 1304.5 1330.5999755859375 1356.5999755859375 1382.699951171875 1408.800048828125 1459.199951171875 1511 1562.699951171875 1614.5 1666.199951171875 1692.9000244140625 1718.0999755859375 1743.199951171875 1768.5 1793.9000244140625 1819.9000244140625 1846.0999755859375 1872.300048828125 1898.5999755859375 1924.9000244140625 1945.5999755859375 1966 1986.4000244140625 2006.800048828125 2027.4000244140625 2037.0999755859375 2046.9000244140625 2056.60009765625 2066.199951171875 2075.800048828125 2070.300048828125 2064.10009765625 2057.699951171875 2051.300048828125 2045.300048828125 2045 2045.699951171875
1211.300048828125 1213.5 1215.5 1223.800048828125 1232 1240.5 1248.9000244140625 1257.4000244140625 1258.300048828125 1259.300048828125 1260.300048828125 1261.0999755859375 1262 1290.9000244140625 1321.0999755859375 1351.0999755859375 1381.0999755859375 1411.300048828125 1461.5999755859375 1512.800048828125 1563.9000244140625 1615.199951171875 1666.4000244140625 1693.5999755859375 1719.4000244140625 1745.4000244140625 1771.699951171875 1797.4000244140625 1820.5 1843.5 1866.5 1889.5999755859375 1912.5 1935.699951171875 1958.699951171875 1981.5 2004.5999755859375 2027.5 2035.5999755859375 2042.4000244140625 2049.199951171875 2056.39990234375 2063.300048828125 2057.199951171875 2050.199951171875 2043.5999755859375 2036.5999755859375 2030 2030.199951171875 2031
1208.300048828125 1208 1208.0999755859375 1214 1220.300048828125 1226.5999755859375 1232.5999755859375 1239 1240.4000244140625 1241.5 1242.5999755859375 1243.5999755859375 1244.5999755859375 1277.5 1311.5999755859375 1345.800048828125 1379.699951171875 1414.0999755859375 1463.800048828125 1514.699951171875 1565.199951171875 1615.9000244140625 1666.300048828125 1694.300048828125 1721.199951171875 1747.5999755859375 1774.300048828125 1800.9000244140625 1821.0999755859375 1840.9000244140625 1860.5999755859375 1880.4000244140625 1900.300048828125 1925.4000244140625 1951.199951171875 1976.9000244140625 2002.5 2028 2033.699951171875 2037.9000244140625 2042.300048828125 2046.5999755859375 2050.800048828125 2044.0999755859375 2036.699951171875 2029.199951171875 2022 2014.4000244140625 2015.199951171875 2016.4000244140625
1204.800048828125 1202.5 1200.4000244140625 1204.4000244140625 1208.4000244140625 1212.5 1216.5999755859375 1220.699951171875 1222.4000244140625 1223.5 1224.5999755859375 1226 1227.0999755859375 1263.800048828125 1302 1340.199951171875 1378.5999755859375 1416.699951171875 1466.300048828125 1516.300048828125 1566.5999755859375 1616.5999755859375 1666.5999755859375 1695.0999755859375 1722.4000244140625 1749.800048828125 1777.199951171875 1804.5 1821.5999755859375 1838.4000244140625 1855 1871.4000244140625 1887.9000244140625 1915.5 1943.699951171875 1972.300048828125 2000.4000244140625 2028.800048828125 2031.800048828125 2033.300048828125 2035.0999755859375 2036.5999755859375 2038.300048828125 2031.0999755859375 2022.9000244140625 2015.0999755859375 2007.199951171875 1999.0999755859375 2000.199951171875 2001.9000244140625
1201.800048828125 1197.0999755859375 1192.800048828125 1194.5999755859375 1196.5999755859375 1198.5 1200.5 1202.699951171875 1203.9000244140625 1205.5 1206.800048828125 1208.199951171875 1209.800048828125 1250.199951171875 1292.4000244140625 1334.5999755859375 1377.0999755859375 1419.300048828125 1468.5 1517.9000244140625 1567.5999755859375 1617.199951171875 1666.5999755859375 1696 1723.9000244140625 1752 1780.199951171875 1808.4000244140625 1822.4000244140625 1835.800048828125 1848.9000244140625 1862.300048828125 1875.699951171875 1905.5999755859375 1936.5 1967.300048828125 1998.300048828125 2029.199951171875 2030 2028.9000244140625 2027.9000244140625 2026.800048828125 2025.800048828125 2017.800048828125 2009.199951171875 2000.800048828125 1992.199951171875 1983.5999755859375 1985.300048828125 1987.4000244140625
1213.4000244140625 1208.699951171875 1203.699951171875 1201.9000244140625 1200.0999755859375 1198.4000244140625 1196.9000244140625 1195.300048828125 1199.5999755859375 1204.300048828125 1208.800048828125 1213.4000244140625 1218.0999755859375 1253 1289.800048828125 1326.5 1363.199951171875 1399.9000244140625 1443.800048828125 1488.300048828125 1532.5999755859375 1577 1621.199951171875 1653.800048828125 1685.9000244140625 1718.0999755859375 1750 1782.0999755859375 1801.0999755859375 1819.699951171875 1838.199951171875 1856.699951171875 1875.300048828125 1903 1931.300048828125 1959.800048828125 1988.0999755859375 2016.300048828125 2016.0999755859375 2014.300048828125 2012.5999755859375 2010.699951171875 2008.800048828125 2000.9000244140625 1992.699951171875 1984.4000244140625 1976.199951171875 1968 1968.9000244140625 1970.4000244140625
1226.300048828125 1221.0999755859375 1216.300048828125 1210.800048828125 1205.300048828125 1199.699951171875 1194.5 1189 1196.199951171875 1204.300048828125 1212.199951171875 1220.300048828125 1228.199951171875 1257.4000244140625 1287.9000244140625 1317.9000244140625 1348.5999755859375 1378.699951171875 1417.0999755859375 1456 1494.5999755859375 1533.300048828125 1572 1608.5999755859375 1644.5999755859375 1680.800048828125 1717 1753.4000244140625 1778.4000244140625 1802.699951171875 1826.9000244140625 1851.4000244140625 1875.699951171875 1901.0999755859375 1926.300048828125 1951.699951171875 1977.199951171875 2002.4000244140625 2001.4000244140625 1998.800048828125 1996.0999755859375 1993.800048828125 1991.199951171875 1983.699951171875 1975.9000244140625 1967.699951171875 1960 1952.0999755859375 1952.300048828125 1953
1239.300048828125 1233.800048828125 1228.5 1219.4000244140625 1210.199951171875 1201 1191.699951171875 1182.4000244140625 1192.800048828125 1204.300048828125 1215.5999755859375 1227.199951171875 1238.4000244140625 1261.699951171875 1285.800048828125 1309.800048828125 1333.699951171875 1357.699951171875 1390.5999755859375 1423.5 1456.699951171875 1489.5999755859375 1522.9000244140625 1563.0999755859375 1603.4000244140625 1644 1684.4000244140625 1724.800048828125 1755.4000244140625 1785.699951171875 1815.9000244140625 1845.800048828125 1876.300048828125 1899 1921.300048828125 1943.9000244140625 1966.199951171875 1988.5 1986.800048828125 1983.4000244140625 1980.199951171875 1977 1974 1966.4000244140625 1958.9000244140625 1951.5 1943.800048828125 1936.199951171875 1935.5999755859375 1935.800048828125
1252 1246.5999755859375 1240.9000244140625 1228.4000244140625 1215.199951171875 1202.199951171875 1188.9000244140625 1176.0999755859375 1189.800048828125 1204.4000244140625 1219.0999755859375 1233.9000244140625 1248.5 1266.0999755859375 1283.5999755859375 1301.5 1319.0999755859375 1336.699951171875 1363.800048828125 1391 1418.800048828125 1446 1473.699951171875 1517.5 1562 1606.699951171875 1651.5999755859375 1696.199951171875 1732.5999755859375 1768.800048828125 1804.699951171875 1840.699951171875 1876.5999755859375 1897.0999755859375 1916.5999755859375 1935.9000244140625 1955.300048828125 1974.699951171875 1972 1968.300048828125 1964.199951171875 1960.199951171875 1956.199951171875 1949.199951171875 1942.0999755859375 1934.800048828125 1927.699951171875 1920.5 1919.199951171875 1918.699951171875
1265.0999755859375 1259.199951171875 1253.300048828125 1237 1220.0999755859375 1203.300048828125 1186.5 1169.5999755859375 1186 1204.4000244140625 1222.5 1240.5 1258.5999755859375 1270.300048828125 1281.699951171875 1293.0999755859375 1304.4000244140625 1315.5999755859375 1337 1359 1380.800048828125 1402.5999755859375 1424.5 1472.0999755859375 1520.800048828125 1569.5999755859375 1618.5999755859375 1667.5999755859375 1709.5 1751.699951171875 1793.5 1835.4000244140625 1877.300048828125 1894.9000244140625 1911.5 1928 1944.300048828125 1960.800048828125 1957.4000244140625 1952.5 1948.199951171875 1943.5 1938.699951171875 1932.0999755859375 1925.0999755859375 1918.5 1911.4000244140625 1904.5 1902.800048828125 1901.300048828125
1319.0999755859375 1316.300048828125 1313.800048828125 1300.0999755859375 1286 1272 1257.800048828125 1243.800048828125 1249.0999755859375 1255.4000244140625 1261.5999755859375 1267.699951171875 1274 1284.699951171875 1295.800048828125 1306.699951171875 1317.5999755859375 1328.5 1349.300048828125 1370.5 1391.5 1413 1434 1479.0999755859375 1525.199951171875 1571.4000244140625 1617.5999755859375 1663.9000244140625 1704.9000244140625 1745.5999755859375 1786.5 1827 1867.800048828125 1884.9000244140625 1900.5 1916.199951171875 1932.199951171875 1947.4000244140625 1942.5 1936.4000244140625 1929.9000244140625 1923.5 1917.300048828125 1910.9000244140625 1904.5999755859375 1898.0999755859375 1891.5999755859375 1885.4000244140625 1884.9000244140625 1884.699951171875
1376.5 1377.199951171875 1378.0999755859375 1367.5999755859375 1356.800048828125 1346 1335.300048828125 1324.4000244140625 1317.4000244140625 1310.4000244140625 1303.5 1296.5 1289.699951171875 1300 1310.9000244140625 1322 1333.0999755859375 1344 1364.5 1385.5 1406.300048828125 1427.4000244140625 1448.5 1490.4000244140625 1533.199951171875 1576.199951171875 1619.300048828125 1662.300048828125 1701.5 1740.5999755859375 1779.5999755859375 1818.5999755859375 1857.699951171875 1874.0999755859375 1889.0999755859375 1904.300048828125 1919.300048828125 1934.300048828125 1927.5999755859375 1919.5 1911.800048828125 1903.699951171875 1895.5999755859375 1889.300048828125 1883.5999755859375 1877.5999755859375 1871.9000244140625 1865.800048828125 1866.5999755859375 1868.0999755859375
1433.800048828125 1438.0999755859375 1442.4000244140625 1435.199951171875 1427.800048828125 1420.199951171875 1412.5999755859375 1405.0999755859375 1385.699951171875 1365.5999755859375 1345.5 1325.4000244140625 1305.4000244140625 1315 1326.199951171875 1337.4000244140625 1348.5999755859375 1359.699951171875 1379.9000244140625 1400.800048828125 1421.300048828125 1441.9000244140625 1462.5 1501.300048828125 1541.4000244140625 1581 1620.9000244140625 1660.9000244140625 1698.199951171875 1735.5 1772.800048828125 1810.199951171875 1847.4000244140625 1863.199951171875 1877.699951171875 1892.300048828125 1906.699951171875 1921.4000244140625 1912.9000244140625 1903.199951171875 1893.300048828125 1883.5999755859375 1874 1868.0999755859375 1862.5999755859375 1857.0999755859375 1851.699951171875 1846.300048828125 1848.9000244140625 1851.5999755859375
1491.300048828125 1499 1506.699951171875 1503 1498.5 1494.199951171875 1490.0999755859375 1485.9000244140625 1453.800048828125 1420.4000244140625 1387.4000244140625 1354.300048828125 1321 1330.300048828125 1341.699951171875 1352.9000244140625 1364.199951171875 1375.300048828125 1395.199951171875 1415.699951171875 1435.800048828125 1456.5 1476.699951171875 1512.699951171875 1549.199951171875 1586 1622.5 1659 1694.800048828125 1730.4000244140625 1766.0999755859375 1801.699951171875 1837.199951171875 1852.0999755859375 1866.5 1880.300048828125 1894.199951171875 1908.300048828125 1897.9000244140625 1886.5999755859375 1875.0999755859375 1863.5 1851.9000244140625 1846.300048828125 1841.5999755859375 1836.5999755859375 1831.5999755859375 1826.699951171875 1830.5999755859375 1835.0999755859375
1548.5999755859375 1559.9000244140625 1570.9000244140625 1570.5 1569.5 1568.5 1567.300048828125 1566.300048828125 1522.0999755859375 1475.9000244140625 1429.4000244140625 1383.0999755859375 1336.800048828125 1345.5999755859375 1356.800048828125 1368.199951171875 1379.5 1390.800048828125 1410.5999755859375 1430.699951171875 1450.800048828125 1471.199951171875 1491 1523.9000244140625 1557.300048828125 1590.800048828125 1624.0999755859375 1657.5 1691.4000244140625 1725.4000244140625 1759.199951171875 1793.300048828125 1827.199951171875 1841.5 1854.9000244140625 1868.0999755859375 1881.5999755859375 1895.0999755859375 1883.199951171875 1869.9000244140625 1856.699951171875 1843.4000244140625 1830 1825.0999755859375 1820.5 1816.300048828125 1811.699951171875 1807.300048828125 1812.699951171875 1818.5999755859375
1565 1566.4000244140625 1567.5 1574.800048828125 1581.9000244140625 1589.0999755859375 1596.199951171875 1603.5 1554.699951171875 1503.300048828125 1451.9000244140625 1400.4000244140625 1349 1356.800048828125 1367.5999755859375 1378.199951171875 1389.0999755859375 1399.699951171875 1421.300048828125 1443.5999755859375 1465.9000244140625 1487.699951171875 1509.800048828125 1544.0999755859375 1579 1613.800048828125 1648.5 1683.4000244140625 1715.5999755859375 1747.9000244140625 1780.199951171875 1812.300048828125 1844.5 1853 1860 1867.4000244140625 1874.199951171875 1881.199951171875 1869.9000244140625 1857.800048828125 1845.5999755859375 1833.5 1821.199951171875 1817.9000244140625 1815 1812 1809.0999755859375 1806.4000244140625 1813.199951171875 1820.699951171875
1577.9000244140625 1568.199951171875 1558.4000244140625 1573.4000244140625 1589.0999755859375 1605.0999755859375 1621.0999755859375 1636.9000244140625 1584.300048828125 1528.5999755859375 1472.699951171875 1416.800048828125 1361.199951171875 1368.300048828125 1378 1388.0999755859375 1398.0999755859375 1407.9000244140625 1431.699951171875 1456 1480.300048828125 1504.699951171875 1529.0999755859375 1565.199951171875 1601.699951171875 1638.300048828125 1674.800048828125 1711.5999755859375 1742.300048828125 1772.800048828125 1803.5 1834.199951171875 1864.9000244140625 1866.4000244140625 1866.5999755859375 1867.0999755859375 1867.0999755859375 1867.199951171875 1857.0999755859375 1846.300048828125 1835.199951171875 1824.300048828125 1813.5 1811.5 1810.4000244140625 1809.0999755859375 1808.0999755859375 1806.800048828125 1815.4000244140625 1824.300048828125
1590.5 1570 1549.300048828125 1572.0999755859375 1596.5 1621.0999755859375 1645.699951171875 1670.5 1614.0999755859375 1553.5999755859375 1493.5 1433.0999755859375 1373.0999755859375 1379.4000244140625 1388.4000244140625 1397.699951171875 1407.0999755859375 1416.199951171875 1442 1468.5 1495 1521.699951171875 1548 1585.9000244140625 1624.199951171875 1662.699951171875 1701.0999755859375 1739.199951171875 1768.800048828125 1797.800048828125 1826.699951171875 1855.699951171875 1884.9000244140625 1880 1873.300048828125 1866.9000244140625 1860.0999755859375 1853.5 1844 1834.4000244140625 1824.699951171875 1815.199951171875 1805.5 1805.5 1805.9000244140625 1806.5 1806.800048828125 1807.4000244140625 1817.5 1827.9000244140625
1603.4000244140625 1571.800048828125 1540.300048828125 1570.699951171875 1604 1637.4000244140625 1670.4000244140625 1703.9000244140625 1643.4000244140625 1578.9000244140625 1514.300048828125 1449.9000244140625 1385.0999755859375 1390.300048828125 1399 1407.5999755859375 1415.9000244140625 1424.699951171875 1452.4000244140625 1481.199951171875 1509.9000244140625 1538.5999755859375 1567.4000244140625 1606.800048828125 1647 1687 1727.300048828125 1767.300048828125 1795.5 1822.5999755859375 1850.0999755859375 1877.4000244140625 1904.699951171875 1893.4000244140625 1879.699951171875 1866.800048828125 1853.199951171875 1839.699951171875 1831.199951171875 1822.800048828125 1814.0999755859375 1806.0999755859375 1797.800048828125 1799.199951171875 1801.4000244140625 1803.5999755859375 1805.699951171875 1807.800048828125 1819.5 1831.5999755859375
1616.300048828125 1573.5999755859375 1531.0999755859375 1569.699951171875 1611.5 1653.0999755859375 1695.300048828125 1737.0999755859375 1672.9000244140625 1604.199951171875 1535 1466.300048828125 1397.199951171875 1401.5 1409.5999755859375 1417 1424.9000244140625 1433 1462.9000244140625 1493.5999755859375 1524.699951171875 1555.5 1586.300048828125 1627.9000244140625 1669.800048828125 1711.5999755859375 1753.5 1795.5999755859375 1822 1847.800048828125 1873.4000244140625 1899.0999755859375 1924.9000244140625 1907.199951171875 1886.5999755859375 1866.4000244140625 1846.0999755859375 1825.9000244140625 1818 1810.9000244140625 1804 1796.9000244140625 1789.800048828125 1793 1796.800048828125 1800.699951171875 1804.800048828125 1808.5999755859375 1821.4000244140625 1835
