DatosClimaticos/DatosMaxEnt/2023/BIO14_2023.asc
ncols        206
nrows        206
xllcorner    -76.208333333333
yllcorner    4.492353333333
cellsize     0.008330000000
NODATA_value -9999
[rows 147 to 167 of 206, columns 0 to 46 of 206]
147.8000030517578125 147.8000030517578125 147.8000030517578125 152.600006103515625 157.5 162.399993896484375 152.6999969482421875 137.6999969482421875 148.100006103515625 158.6999969482421875 168.3000030517578125 164.5 160.6999969482421875 165.5 162 155.1999969482421875 148.399993896484375 141.5 142.399993896484375 143.399993896484375 144.3000030517578125 145.3000030517578125 146.3000030517578125 145.399993896484375 142.1999969482421875 135.399993896484375 128.6999969482421875 121.90000152587890625 120.90000152587890625 120 119.09999847412109375 118.1999969482421875 117.3000030517578125 116.1999969482421875 115.1999969482421875 114.09999847412109375 113.09999847412109375 112 114.40000152587890625 116.90000152587890625 119.3000030517578125 121.8000030517578125 118.59999847412109375 118.59999847412109375 118.59999847412109375 116.40000152587890625 112.40000152587890625
-9999 -9999 144 148.3000030517578125 152.6999969482421875 157.100006103515625 161.5 151.899993896484375 161.100006103515625 167.5 168.3000030517578125 166.6999969482421875 -9999 -9999 -9999 154.3000030517578125 149.100006103515625 143.899993896484375 145.6999969482421875 147.5 149.399993896484375 151.1999969482421875 147.600006103515625 146.100006103515625 140.8000030517578125 135.5 130.1999969482421875 125 123.5 122.1999969482421875 120.8000030517578125 119.5 118.09999847412109375 117 116 114.90000152587890625 113.90000152587890625 112.8000030517578125 115.1999969482421875 117.59999847412109375 120 122.40000152587890625 119.8000030517578125 119 118.1999969482421875 117.40000152587890625 114.6999969482421875
-9999 -9999 -9999 -9999 -9999 -9999 -9999 -9999 -9999 -9999 -9999 -9999 -9999 -9999 -9999 -9999 149.899993896484375 146.3000030517578125 149.100006103515625 151.899993896484375 154.6999969482421875 153.3000030517578125 147 143.399993896484375 139.6999969482421875 136.100006103515625 132.399993896484375 128.8000030517578125 126.90000152587890625 125 123.09999847412109375 121.1999969482421875 119.40000152587890625 118.1999969482421875 117.09999847412109375 116 114.8000030517578125 113.6999969482421875 116 118.3000030517578125 120.59999847412109375 123 121.09999847412109375 119.5 117.8000030517578125 116.1999969482421875 114.59999847412109375
-9999 -9999 -9999 -9999 -9999 -9999 -9999 -9999 -9999 -9999 -9999 -9999 -9999 -9999 -9999 -9999 -9999 148.8000030517578125 152.5 156.3000030517578125 155.8000030517578125 149.3000030517578125 142.8000030517578125 140.6999969482421875 138.6999969482421875 136.600006103515625 134.600006103515625 132.600006103515625 130.1999969482421875 127.8000030517578125 125.40000152587890625 123 120.59999847412109375 119.40000152587890625 118.1999969482421875 117 115.8000030517578125 114.5 116.8000030517578125 119 121.3000030517578125 123.59999847412109375 122.40000152587890625 119.90000152587890625 117.40000152587890625 115 112.5
-9999 -9999 -9999 -9999 -9999 -9999 -9999 -9999 -9999 -9999 -9999 -9999 -9999 -9999 -9999 -9999 -9999 151.3000030517578125 156 158.600006103515625 152 145.3000030517578125 138.600006103515625 138.100006103515625 137.6999969482421875 137.1999969482421875 136.8000030517578125 136.399993896484375 133.5 130.600006103515625 127.6999969482421875 124.8000030517578125 121.90000152587890625 120.59999847412109375 119.3000030517578125 118 116.6999969482421875 115.40000152587890625 117.59999847412109375 119.8000030517578125 122 124.1999969482421875 123.6999969482421875 120.40000152587890625 117.09999847412109375 113.6999969482421875 110.40000152587890625
-9999 -9999 -9999 -9999 -9999 -9999 -9999 -9999 -9999 -9999 -9999 -9999 -9999 -9999 -9999 -9999 -9999 -9999 159.399993896484375 155 148.100006103515625 141.1999969482421875 134.3000030517578125 135.399993896484375 136.600006103515625 137.8000030517578125 139 140.1999969482421875 136.8000030517578125 133.399993896484375 130 126.59999847412109375 123.1999969482421875 121.8000030517578125 120.40000152587890625 119 117.59999847412109375 116.3000030517578125 118.40000152587890625 120.5 122.59999847412109375 124.8000030517578125 123.1999969482421875 120.90000152587890625 116.6999969482421875 112.5 108.3000030517578125
-9999 -9999 -9999 -9999 -9999 -9999 -9999 -9999 -9999 -9999 -9999 -9999 -9999 -9999 -9999 -9999 -9999 -9999 157.3000030517578125 156.600006103515625 150.100006103515625 143.6999969482421875 137.1999969482421875 136.5 135.8000030517578125 135.100006103515625 134.399993896484375 133.6999969482421875 131.399993896484375 129 126.59999847412109375 124.3000030517578125 121.90000152587890625 120.6999969482421875 119.59999847412109375 118.5 117.3000030517578125 116.1999969482421875 118.09999847412109375 120.09999847412109375 122.09999847412109375 124.09999847412109375 123.40000152587890625 121.1999969482421875 117.1999969482421875 113.09999847412109375 109
-9999 -9999 -9999 -9999 -9999 -9999 -9999 -9999 -9999 -9999 -9999 -9999 -9999 -9999 -9999 -9999 -9999 -9999 -9999 156.6999969482421875 152.5 146.600006103515625 140.600006103515625 137.8000030517578125 135 132.1999969482421875 129.399993896484375 126.59999847412109375 125.40000152587890625 124.09999847412109375 122.90000152587890625 121.6999969482421875 120.40000152587890625 119.5 118.6999969482421875 117.8000030517578125 116.90000152587890625 116 117.8000030517578125 119.59999847412109375 121.40000152587890625 123.3000030517578125 123.6999969482421875 121.59999847412109375 117.6999969482421875 113.90000152587890625 110
-9999 -9999 -9999 -9999 -9999 -9999 -9999 -9999 -9999 -9999 -9999 -9999 -9999 -9999 -9999 -9999 -9999 -9999 -9999 -9999 152.1999969482421875 149.399993896484375 143.600006103515625 139 134.1999969482421875 129.3000030517578125 124.40000152587890625 119.5 119.40000152587890625 119.3000030517578125 119.1999969482421875 119.09999847412109375 119 118.40000152587890625 117.6999969482421875 117.09999847412109375 116.5 115.90000152587890625 117.5 119.1999969482421875 120.8000030517578125 122.40000152587890625 124 122 118.3000030517578125 114.59999847412109375 110.90000152587890625
-9999 -9999 -9999 -9999 -9999 -9999 -9999 -9999 -9999 -9999 -9999 -9999 -9999 -9999 -9999 -9999 -9999 -9999 -9999 -9999 -9999 -9999 141.8000030517578125 139.1999969482421875 133.399993896484375 126.40000152587890625 119.40000152587890625 112.40000152587890625 113.40000152587890625 114.40000152587890625 115.5 116.5 117.5 117.1999969482421875 116.8000030517578125 116.5 116.09999847412109375 115.8000030517578125 117.1999969482421875 118.6999969482421875 120.1999969482421875 121.59999847412109375 123.09999847412109375 122.3000030517578125 118.8000030517578125 115.40000152587890625 111.90000152587890625
-9999 -9999 -9999 -9999 -9999 -9999 -9999 -9999 -9999 -9999 -9999 -9999 -9999 -9999 -9999 -9999 -9999 -9999 -9999 -9999 -9999 -9999 -9999 137.399993896484375 132.5 123.5 114.40000152587890625 105.3000030517578125 107.40000152587890625 109.59999847412109375 111.6999969482421875 113.90000152587890625 116.09999847412109375 116 115.90000152587890625 115.8000030517578125 115.6999969482421875 115.59999847412109375 116.90000152587890625 118.1999969482421875 119.5 120.8000030517578125 122.09999847412109375 122.6999969482421875 119.40000152587890625 116.09999847412109375 112.90000152587890625
-9999 -9999 -9999 -9999 -9999 -9999 -9999 -9999 -9999 -9999 -9999 -9999 -9999 -9999 -9999 -9999 -9999 -9999 -9999 -9999 -9999 -9999 -9999 135.899993896484375 131.899993896484375 124.59999847412109375 115.8000030517578125 106.90000152587890625 108 109.3000030517578125 110.5 111.8000030517578125 113 113.5 114.09999847412109375 114.59999847412109375 115.09999847412109375 115.59999847412109375 117.09999847412109375 118.59999847412109375 120.09999847412109375 121.6999969482421875 123.1999969482421875 121.6999969482421875 118.5 115.40000152587890625 112.1999969482421875
-9999 -9999 -9999 -9999 -9999 -9999 -9999 -9999 -9999 -9999 -9999 -9999 -9999 -9999 -9999 -9999 -9999 -9999 -9999 -9999 -9999 -9999 -9999 134.399993896484375 131.399993896484375 126.09999847412109375 117.5 109 109.09999847412109375 109.3000030517578125 109.5 109.6999969482421875 109.90000152587890625 111 112.1999969482421875 113.3000030517578125 114.5 115.59999847412109375 117.40000152587890625 119.09999847412109375 120.90000152587890625 122.59999847412109375 123.6999969482421875 120.6999969482421875 117.59999847412109375 114.5 111.40000152587890625
-9999 -9999 -9999 -9999 -9999 -9999 -9999 -9999 -9999 -9999 -9999 -9999 -9999 -9999 -9999 -9999 -9999 -9999 -9999 -9999 -9999 -9999 -9999 132.899993896484375 131 127.5 119.3000030517578125 111.09999847412109375 110.09999847412109375 109.3000030517578125 108.40000152587890625 107.59999847412109375 106.6999969482421875 108.5 110.3000030517578125 112.09999847412109375 113.8000030517578125 115.59999847412109375 117.59999847412109375 119.59999847412109375 121.59999847412109375 123.59999847412109375 122.59999847412109375 119.59999847412109375 116.59999847412109375 113.59999847412109375 110.59999847412109375
-9999 -9999 -9999 -9999 -9999 -9999 -9999 -9999 -9999 -9999 -9999 -9999 -9999 -9999 -9999 -9999 -9999 -9999 -9999 -9999 -9999 -9999 -9999 131.399993896484375 130.5 128.899993896484375 121 113.1999969482421875 111.1999969482421875 109.3000030517578125 107.40000152587890625 105.5 103.59999847412109375 106 108.40000152587890625 110.8000030517578125 113.1999969482421875 115.59999847412109375 117.90000152587890625 120.09999847412109375 122.3000030517578125 124.5 121.5 118.59999847412109375 115.59999847412109375 112.6999969482421875 109.8000030517578125
-9999 -9999 -9999 -9999 -9999 -9999 -9999 -9999 -9999 -9999 -9999 -9999 -9999 -9999 -9999 -9999 -9999 -9999 -9999 -9999 -9999 -9999 -9999 -9999 130.100006103515625 130.3000030517578125 122.8000030517578125 115.1999969482421875 -9999 -9999 -9999 103.40000152587890625 100.40000152587890625 103.40000152587890625 106.5 109.5 112.59999847412109375 115.6999969482421875 118.09999847412109375 120.5 123 124.40000152587890625 120.3000030517578125 117.5 114.6999969482421875 111.8000030517578125 109
-9999 -9999 -9999 -9999 -9999 -9999 -9999 -9999 -9999 -9999 -9999 -9999 -9999 -9999 -9999 -9999 -9999 -9999 -9999 -9999 -9999 -9999 -9999 -9999 -9999 -9999 -9999 -9999 -9999 -9999 -9999 103.8000030517578125 100.90000152587890625 103.3000030517578125 105.8000030517578125 108.3000030517578125 110.8000030517578125 113.3000030517578125 117 120.6999969482421875 124.5 122.40000152587890625 118.09999847412109375 115.6999969482421875 113.40000152587890625 111 108.6999969482421875
-9999 -9999 -9999 -9999 -9999 -9999 -9999 -9999 -9999 -9999 -9999 -9999 -9999 -9999 -9999 -9999 -9999 -9999 -9999 -9999 -9999 -9999 -9999 -9999 -9999 -9999 -9999 -9999 -9999 -9999 -9999 104.40000152587890625 101.6999969482421875 103.40000152587890625 105.3000030517578125 107.09999847412109375 109 110.8000030517578125 115.8000030517578125 120.90000152587890625 124.8000030517578125 120.3000030517578125 115.8000030517578125 113.90000152587890625 112.09999847412109375 110.1999969482421875 108.40000152587890625
-9999 -9999 -9999 -9999 -9999 -9999 -9999 -9999 -9999 -9999 -9999 -9999 -9999 -9999 -9999 -9999 -9999 -9999 -9999 -9999 -9999 -9999 -9999 -9999 -9999 -9999 -9999 -9999 -9999 -9999 -9999 105 102.40000152587890625 103.5 104.6999969482421875 105.90000152587890625 107.09999847412109375 108.3000030517578125 114.6999969482421875 121.09999847412109375 122.8000030517578125 118.1999969482421875 113.5 112.09999847412109375 110.8000030517578125 109.40000152587890625 108.09999847412109375
-9999 -9999 -9999 -9999 -9999 -9999 -9999 -9999 -9999 -9999 -9999 -9999 -9999 -9999 -9999 -9999 -9999 -9999 -9999 -9999 -9999 -9999 -9999 -9999 -9999 -9999 -9999 -9999 -9999 -9999 -9999 105.59999847412109375 103.09999847412109375 103.59999847412109375 104.1999969482421875 104.6999969482421875 105.1999969482421875 105.8000030517578125 113.5 121.3000030517578125 120.90000152587890625 116.09999847412109375 111.1999969482421875 110.3000030517578125 109.5 108.59999847412109375 107.8000030517578125
-9999 -9999 -9999 -9999 -9999 -9999 -9999 -9999 -9999 -9999 -9999 -9999 -9999 -9999 -9999 -9999 -9999 -9999 -9999 -9999 -9999 -9999 -9999 -9999 -9999 -9999 -9999 -9999 -9999 -9999 108.5 106.1999969482421875 103.90000152587890625 103.6999969482421875 103.59999847412109375 103.5 103.40000152587890625 103.3000030517578125 112.3000030517578125 121.5 119 113.90000152587890625 108.90000152587890625 108.5 108.1999969482421875 107.8000030517578125 107.40000152587890625
