DatosClimaticos/DatosMaxEnt/2023/BIO13_2023.asc
ncols        206
nrows        206
xllcorner    -76.208333333333
yllcorner    4.492353333333
cellsize     0.008330000000
NODATA_value -9999
[rows 88 to 109 of 206, columns 144 to 191 of 206]
534.29998779296875 532.4000244140625 530.4000244140625 528.5 515.4000244140625 501.600006103515625 502.29998779296875 513.5999755859375 524.79998779296875 512 497.600006103515625 483.29998779296875 468.899993896484375 454.5 450.79998779296875 447.79998779296875 444.70001220703125 441.70001220703125 438.70001220703125 422.399993896484375 405.20001220703125 388 370.70001220703125 353.5 343.399993896484375 333.899993896484375 324.29998779296875 314.70001220703125 305.20001220703125 294.29998779296875 297.20001220703125 300.100006103515625 303 305.899993896484375 306.20001220703125 306.29998779296875 306.399993896484375 306.5 -9999 -9999 -9999 -9999 -9999 -9999 -9999 -9999 -9999 -9999
531.9000244140625 532.70001220703125 533.5 534.20001220703125 520.9000244140625 506.600006103515625 506.20001220703125 516.70001220703125 527.20001220703125 515.20001220703125 501.70001220703125 488.20001220703125 474.70001220703125 461.20001220703125 456.100006103515625 451.5 447 442.5 437.899993896484375 422.5 406.29998779296875 390.20001220703125 374 357.79998779296875 346.79998779296875 336.20001220703125 325.600006103515625 315 304.29998779296875 290.100006103515625 293.20001220703125 296.399993896484375 299.600006103515625 302.79998779296875 303.29998779296875 303.5 303.79998779296875 304 -9999 -9999 -9999 -9999 -9999 -9999 -9999 -9999 -9999 -9999
529.5 533 536.5 540 526.29998779296875 511.600006103515625 510.20001220703125 519.9000244140625 529.5999755859375 518.29998779296875 505.70001220703125 493.100006103515625 480.399993896484375 467.79998779296875 461.29998779296875 455.29998779296875 449.20001220703125 443.20001220703125 437.100006103515625 422.600006103515625 407.5 392.399993896484375 377.29998779296875 362.20001220703125 350.20001220703125 338.5 326.899993896484375 315.20001220703125 303.5 288.5 289.29998779296875 292.79998779296875 296.29998779296875 299.70001220703125 300.399993896484375 300.79998779296875 301.100006103515625 301.5 -9999 -9999 -9999 -9999 -9999 -9999 -9999 -9999 -9999 -9999
533.29998779296875 533.29998779296875 539.5 545.70001220703125 531.79998779296875 516.5999755859375 514.0999755859375 523 532 521.5 509.70001220703125 498 486.20001220703125 474.5 466.600006103515625 459.100006103515625 451.5 443.899993896484375 436.29998779296875 422.70001220703125 408.600006103515625 394.600006103515625 380.5 366.5 353.600006103515625 340.899993896484375 328.100006103515625 315.399993896484375 302.600006103515625 287.600006103515625 285.29998779296875 289.100006103515625 292.899993896484375 296.70001220703125 297.399993896484375 298 298.5 299.100006103515625 -9999 -9999 -9999 -9999 -9999 -9999 -9999 -9999 -9999 -9999
549.29998779296875 533.70001220703125 542.5999755859375 551.5 537.29998779296875 521.70001220703125 518.0999755859375 526.20001220703125 534.29998779296875 524.5999755859375 513.70001220703125 502.899993896484375 492 481.100006103515625 471.899993896484375 462.79998779296875 453.70001220703125 444.600006103515625 435.5 422.79998779296875 409.79998779296875 396.79998779296875 383.79998779296875 370.79998779296875 357 343.20001220703125 329.399993896484375 315.600006103515625 301.79998779296875 286.70001220703125 281.399993896484375 285.399993896484375 289.5 293.600006103515625 294.5 295.20001220703125 295.899993896484375 296.600006103515625 -9999 -9999 -9999 -9999 -9999 -9999 -9999 -9999 -9999 -9999
572.20001220703125 555 537.9000244140625 545.5999755859375 530.9000244140625 527.9000244140625 532.29998779296875 536.5999755859375 540.9000244140625 531.29998779296875 520.5999755859375 510 499.399993896484375 488.79998779296875 478.5 468.29998779296875 458 447.79998779296875 437.5 424.79998779296875 411.899993896484375 399 386.100006103515625 373.20001220703125 358.399993896484375 343.399993896484375 328.5 313.5 298.600006103515625 285 283.5 288.100006103515625 292.600006103515625 297.20001220703125 296.399993896484375 295.20001220703125 294 292.79998779296875 291.600006103515625 -9999 -9999 -9999 -9999 -9999 -9999 -9999 -9999 -9999
595.4000244140625 579.0999755859375 562.79998779296875 546.5 545.9000244140625 546.4000244140625 546.79998779296875 547.29998779296875 547.70001220703125 538 527.70001220703125 517.29998779296875 506.899993896484375 496.5 485.20001220703125 473.79998779296875 462.399993896484375 451 439.600006103515625 426.899993896484375 414 401.20001220703125 388.399993896484375 375.600006103515625 359.70001220703125 343.600006103515625 327.5 311.399993896484375 295.29998779296875 283.20001220703125 285.899993896484375 290.899993896484375 296 301 298.399993896484375 295.29998779296875 292.20001220703125 -9999 -9999 -9999 -9999 -9999 -9999 -9999 -9999 -9999 -9999 -9999
618.5 603.20001220703125 587.79998779296875 572.4000244140625 568.29998779296875 564.9000244140625 561.4000244140625 558 554.5 544.79998779296875 534.70001220703125 524.5 514.4000244140625 504.29998779296875 491.899993896484375 479.29998779296875 466.79998779296875 454.20001220703125 441.70001220703125 428.899993896484375 416.20001220703125 403.399993896484375 390.70001220703125 377.899993896484375 360.899993896484375 343.70001220703125 326.5 309.20001220703125 292 282.79998779296875 288.29998779296875 293.79998779296875 299.29998779296875 304.79998779296875 300.5 295.399993896484375 290.29998779296875 -9999 -9999 -9999 -9999 -9999 -9999 -9999 -9999 -9999 -9999 -9999
641.70001220703125 627.29998779296875 612.79998779296875 598.4000244140625 590.70001220703125 583.29998779296875 576 568.70001220703125 561.29998779296875 551.5999755859375 541.70001220703125 531.79998779296875 521.9000244140625 512 498.5 484.899993896484375 471.20001220703125 457.5 443.79998779296875 431 418.29998779296875 405.600006103515625 392.899993896484375 380.20001220703125 362.20001220703125 343.79998779296875 325.399993896484375 307.100006103515625 288.70001220703125 284.70001220703125 290.70001220703125 296.70001220703125 302.600006103515625 308.600006103515625 302.5 295.5 288.5 -9999 -9999 -9999 -9999 -9999 -9999 -9999 -9999 -9999 -9999 -9999
664.9000244140625 651.4000244140625 637.9000244140625 624.4000244140625 613 601.79998779296875 590.5999755859375 579.4000244140625 568.0999755859375 558.4000244140625 548.70001220703125 539 529.4000244140625 519.70001220703125 505.20001220703125 490.399993896484375 475.5 460.70001220703125 445.899993896484375 433.100006103515625 420.5 407.79998779296875 395.20001220703125 382.600006103515625 363.5 344 324.399993896484375 304.899993896484375 285.399993896484375 286.600006103515625 293.100006103515625 299.5 306 312.399993896484375 304.5 295.600006103515625 286.70001220703125 -9999 -9999 -9999 -9999 -9999 -9999 -9999 -9999 -9999 -9999 -9999
671.70001220703125 660.4000244140625 649 637.5999755859375 627 616.4000244140625 605.70001220703125 595.0999755859375 584.5 572.29998779296875 560 547.70001220703125 535.4000244140625 523.0999755859375 508.600006103515625 493.899993896484375 479.29998779296875 464.600006103515625 450 434.79998779296875 419.600006103515625 404.399993896484375 389.100006103515625 373.899993896484375 355.399993896484375 336.70001220703125 317.899993896484375 299.20001220703125 284.20001220703125 289.79998779296875 296.100006103515625 302.399993896484375 308.79998779296875 315.100006103515625 307 297.899993896484375 288.70001220703125 -9999 -9999 -9999 -9999 -9999 -9999 -9999 -9999 -9999 -9999 -9999
677.9000244140625 668.70001220703125 659.5 650.4000244140625 640.5999755859375 630.79998779296875 620.9000244140625 611.0999755859375 601.29998779296875 586.5999755859375 571.5 556.4000244140625 541.29998779296875 526.29998779296875 511.79998779296875 497.399993896484375 483 468.600006103515625 454.20001220703125 436.5 418.600006103515625 400.70001220703125 382.79998779296875 364.79998779296875 347 329.100006103515625 311.20001220703125 293.399993896484375 287.399993896484375 292.899993896484375 299.100006103515625 305.29998779296875 311.5 317.70001220703125 309.5 -9999 -9999 -9999 -9999 -9999 -9999 -9999 -9999 -9999 -9999 -9999 -9999 -9999
684.0999755859375 677.0999755859375 670.0999755859375 663.0999755859375 654.20001220703125 645.20001220703125 636.0999755859375 627.0999755859375 618.0999755859375 600.79998779296875 583 565.0999755859375 547.29998779296875 529.5 515.0999755859375 500.899993896484375 486.70001220703125 472.5 458.399993896484375 438.20001220703125 417.600006103515625 397 376.399993896484375 355.79998779296875 338.5 321.5 304.5 293.79998779296875 290.70001220703125 296.100006103515625 302.20001220703125 308.20001220703125 314.29998779296875 320.399993896484375 312.100006103515625 -9999 -9999 -9999 -9999 -9999 -9999 -9999 -9999 -9999 -9999 -9999 -9999 -9999
690.29998779296875 685.5 680.5999755859375 675.79998779296875 667.79998779296875 659.5999755859375 651.29998779296875 643.0999755859375 634.9000244140625 615 594.4000244140625 573.79998779296875 553.29998779296875 532.70001220703125 518.29998779296875 504.399993896484375 490.399993896484375 476.5 462.5 439.899993896484375 416.600006103515625 393.29998779296875 370 346.70001220703125 330.100006103515625 313.899993896484375 299.100006103515625 296.5 293.899993896484375 299.29998779296875 305.20001220703125 311.20001220703125 317.100006103515625 323 314.600006103515625 -9999 -9999 -9999 -9999 -9999 -9999 -9999 -9999 -9999 -9999 -9999 -9999 -9999
696.5 693.9000244140625 691.20001220703125 688.5 681.4000244140625 674 666.5 659.0999755859375 651.70001220703125 629.29998779296875 605.9000244140625 582.5999755859375 559.20001220703125 535.79998779296875 521.5 507.79998779296875 494.100006103515625 480.399993896484375 466.70001220703125 441.5 415.600006103515625 389.600006103515625 363.600006103515625 337.600006103515625 321.600006103515625 306.399993896484375 301.20001220703125 299.20001220703125 297.20001220703125 302.5 308.29998779296875 314.100006103515625 319.899993896484375 325.70001220703125 -9999 -9999 -9999 -9999 -9999 -9999 -9999 -9999 -9999 -9999 -9999 -9999 -9999 -9999
707.4000244140625 706.5 705.5999755859375 704.5999755859375 696.0999755859375 687.0999755859375 678.0999755859375 669.0999755859375 660.0999755859375 638.29998779296875 615.5999755859375 592.9000244140625 570.20001220703125 547.5 530.0999755859375 513 496 478.899993896484375 461.899993896484375 436.70001220703125 410.899993896484375 385.100006103515625 359.29998779296875 333.600006103515625 319.600006103515625 308.5 306.29998779296875 304.100006103515625 301.899993896484375 305.29998779296875 309.100006103515625 312.899993896484375 316.70001220703125 -9999 -9999 -9999 -9999 -9999 -9999 -9999 -9999 -9999 -9999 -9999 -9999 -9999 -9999 -9999
718.5 719.29998779296875 720.0999755859375 720.9000244140625 710.9000244140625 700.20001220703125 689.5999755859375 678.9000244140625 668.20001220703125 647 625.0999755859375 603.20001220703125 581.29998779296875 559.5 538.79998779296875 518.29998779296875 497.70001220703125 477.20001220703125 456.600006103515625 431.5 406.100006103515625 380.600006103515625 355.20001220703125 329.70001220703125 317.79998779296875 314 311.5 309.100006103515625 306.70001220703125 308.100006103515625 309.79998779296875 311.5 313.20001220703125 314.899993896484375 -9999 -9999 -9999 -9999 -9999 -9999 -9999 -9999 -9999 -9999 -9999 -9999 -9999 -9999
729.5999755859375 732.0999755859375 734.5999755859375 737.0999755859375 725.70001220703125 713.29998779296875 701 688.70001220703125 676.29998779296875 655.79998779296875 634.70001220703125 613.5999755859375 592.5 571.4000244140625 547.5999755859375 523.5 499.5 475.5 451.399993896484375 426.399993896484375 401.20001220703125 376.100006103515625 351 325.899993896484375 322 319.399993896484375 316.79998779296875 314.100006103515625 311.5 311 310.600006103515625 310.20001220703125 309.79998779296875 -9999 -9999 -9999 -9999 -9999 -9999 -9999 -9999 -9999 -9999 -9999 -9999 -9999 -9999 -9999
740.70001220703125 744.9000244140625 749.20001220703125 753.4000244140625 740.5 726.4000244140625 712.4000244140625 698.4000244140625 684.4000244140625 664.5 644.20001220703125 624 603.70001220703125 583.4000244140625 556.29998779296875 528.79998779296875 501.29998779296875 473.70001220703125 446.20001220703125 421.20001220703125 396.399993896484375 371.600006103515625 346.79998779296875 330.5 327.70001220703125 324.899993896484375 322 319.20001220703125 316.29998779296875 313.79998779296875 311.29998779296875 308.79998779296875 306.29998779296875 -9999 -9999 -9999 -9999 -9999 -9999 -9999 -9999 -9999 -9999 -9999 -9999 -9999 -9999 -9999
751.79998779296875 757.70001220703125 763.70001220703125 769.5999755859375 755.20001220703125 739.5999755859375 723.9000244140625 708.20001220703125 692.5 673.29998779296875 653.79998779296875 634.29998779296875 614.9000244140625 595.4000244140625 565.0999755859375 534.0999755859375 503 472 441 416.100006103515625 391.600006103515625 367.100006103515625 342.70001220703125 336.399993896484375 333.399993896484375 330.29998779296875 327.20001220703125 324.20001220703125 321.100006103515625 316.600006103515625 312 307.399993896484375 -9999 -9999 -9999 -9999 -9999 -9999 -9999 -9999 -9999 -9999 -9999 -9999 -9999 -9999 -9999 -9999
744.9000244140625 751.5 758 764.5999755859375 752.5999755859375 739.5 726.4000244140625 713.29998779296875 700.20001220703125 680.29998779296875 660 639.5999755859375 619.29998779296875 599 567.0999755859375 534.5 501.899993896484375 469.29998779296875 436.70001220703125 413.899993896484375 391.79998779296875 369.70001220703125 347.600006103515625 336.100006103515625 332.899993896484375 329.5 326.20001220703125 322.79998779296875 319.5 314.399993896484375 309.100006103515625 303.899993896484375 -9999 -9999 -9999 -9999 -9999 -9999 -9999 -9999 -9999 -9999 -9999 -9999 -9999 -9999 -9999 -9999
737.29998779296875 744.4000244140625 751.4000244140625 758.5 749.20001220703125 738.9000244140625 728.5 718.20001220703125 707.9000244140625 687.29998779296875 666 644.70001220703125 623.4000244140625 602.0999755859375 568.79998779296875 534.70001220703125 500.600006103515625 466.5 432.399993896484375 411.79998779296875 392.20001220703125 372.600006103515625 353 335.70001220703125 332.100006103515625 328.399993896484375 324.79998779296875 321.20001220703125 317.600006103515625 311.899993896484375 306 300.20001220703125 -9999 -9999 -9999 -9999 -9999 -9999 -9999 -9999 -9999 -9999 -9999 -9999 -9999 -9999 -9999 -9999
