DatosClimaticos/DatosMaxEnt/2023/BIO12_2023.asc
ncols        206
nrows        206
xllcorner    -76.208333333333
yllcorner    4.492353333333
cellsize     0.008330000000
NODATA_value -9999
[rows 110 to 131 of 206, columns 50 to 99 of 206]
2318.10009765625 2305.199951171875 2292.10009765625 2277.39990234375 2262.5 2248 2233 2218.39990234375 2205.89990234375 2193.5 2181.10009765625 2168.800048828125 2156.5 2150.39990234375 2144.800048828125 2138.699951171875 2132.89990234375 2127.10009765625 2115.699951171875 2104 2092.39990234375 2080.699951171875 2069 2089.199951171875 2110.10009765625 2131.10009765625 2152.10009765625 2173.300048828125 2188.800048828125 2203.89990234375 2219.39990234375 2234.699951171875 2250 2248.89990234375 2247.699951171875 2246 2244.5 2242.89990234375 2209.300048828125 2174 2139.10009765625 2104.199951171875 2069 2021.800048828125 1974.0999755859375 1926.5 1878.699951171875 1830.9000244140625 1825.800048828125 1822.199951171875
2314.699951171875 2301.300048828125 2287.699951171875 2269.699951171875 2251.199951171875 2233 2214.60009765625 2196.199951171875 2189.5 2182.60009765625 2175.89990234375 2169.60009765625 2162.800048828125 2155.89990234375 2148.800048828125 2141.699951171875 2134.89990234375 2127.800048828125 2116.199951171875 2104.800048828125 2092.89990234375 2081.199951171875 2069.60009765625 2094.699951171875 2121 2147.39990234375 2173.89990234375 2200.10009765625 2213 2225.10009765625 2237.300048828125 2249.300048828125 2261.60009765625 2258.39990234375 2254.89990234375 2250.800048828125 2247.10009765625 2243.300048828125 2209 2173.800048828125 2138.300048828125 2102.89990234375 2067.5 2013.4000244140625 1958.5999755859375 1903.800048828125 1848.800048828125 1794 1784.800048828125 1777.5999755859375
2311.199951171875 2297.300048828125 2283.10009765625 2261.5 2239.89990234375 2218 2196.10009765625 2174.5 2172.89990234375 2171.800048828125 2170.800048828125 2170 2168.89990234375 2160.89990234375 2152.800048828125 2144.800048828125 2136.699951171875 2128.60009765625 2117 2105.300048828125 2093.60009765625 2081.800048828125 2070.10009765625 2100.60009765625 2132.10009765625 2163.800048828125 2195.5 2227 2236.800048828125 2246.199951171875 2255 2264.39990234375 2273.5 2267.89990234375 2261.89990234375 2255.89990234375 2249.800048828125 2243.699951171875 2208.800048828125 2173.199951171875 2137.60009765625 2101.60009765625 2065.699951171875 2004.9000244140625 1943.0999755859375 1881.0999755859375 1819.4000244140625 1757.4000244140625 1743.9000244140625 1732.9000244140625
2305.60009765625 2300.5 2295.39990234375 2273.199951171875 2250.199951171875 2227.39990234375 2204.60009765625 2181.699951171875 2179.699951171875 2178.10009765625 2176.699951171875 2175.39990234375 2173.699951171875 2167.10009765625 2160.300048828125 2153 2145.89990234375 2138.89990234375 2125.39990234375 2111.800048828125 2098.199951171875 2084.300048828125 2070.699951171875 2101.300048828125 2133.5 2165.39990234375 2197.39990234375 2229.300048828125 2239.699951171875 2249.39990234375 2259 2268.89990234375 2278.699951171875 2270.39990234375 2261.60009765625 2252.699951171875 2243.800048828125 2235 2203.89990234375 2171.800048828125 2139.89990234375 2107.699951171875 2075.699951171875 2014.199951171875 1951.5999755859375 1889.0999755859375 1826.5 1764 1749.5999755859375 1737
2299.60009765625 2304.300048828125 2308.89990234375 2285.5 2261.800048828125 2238 2214.199951171875 2190.300048828125 2187.60009765625 2185.5 2183.199951171875 2180.89990234375 2178.699951171875 2172.89990234375 2167.300048828125 2161.300048828125 2155.39990234375 2149.699951171875 2134.39990234375 2118.60009765625 2102.699951171875 2087.10009765625 2071.39990234375 2102 2134 2166.300048828125 2198.5 2230.300048828125 2241.699951171875 2252.199951171875 2262.5 2273.10009765625 2283.60009765625 2272.60009765625 2260.89990234375 2249.199951171875 2237.5 2225.89990234375 2198.300048828125 2170.39990234375 2142.5 2114.39990234375 2086.39990234375 2024.5 1961.5 1898.699951171875 1835.5999755859375 1772.800048828125 1757.199951171875 1743.5999755859375
2293.699951171875 2307.800048828125 2322.199951171875 2297.89990234375 2273.39990234375 2248.5 2223.800048828125 2198.89990234375 2195.800048828125 2192.699951171875 2189.699951171875 2186.5 2183.699951171875 2179 2174.5 2169.89990234375 2165.10009765625 2160.60009765625 2143.10009765625 2125.300048828125 2107.60009765625 2089.89990234375 2071.89990234375 2102.699951171875 2135.10009765625 2167.199951171875 2199.300048828125 2231.60009765625 2243.60009765625 2254.60009765625 2266.10009765625 2277.199951171875 2288.39990234375 2274.800048828125 2260.5 2245.800048828125 2231.300048828125 2217 2193.199951171875 2169 2144.89990234375 2120.699951171875 2096.800048828125 2034.9000244140625 1971.300048828125 1908 1844.699951171875 1781.4000244140625 1764.9000244140625 1750.4000244140625
2287.800048828125 2311.39990234375 2335.10009765625 2310.5 2284.89990234375 2259 2233.39990234375 2207.800048828125 2203.39990234375 2199.699951171875 2196 2192.199951171875 2188.60009765625 2185.199951171875 2181.699951171875 2178.199951171875 2174.60009765625 2171.199951171875 2151.89990234375 2132 2112.39990234375 2092.300048828125 2072.60009765625 2103.60009765625 2135.800048828125 2168.300048828125 2200.300048828125 2232.699951171875 2245.300048828125 2257.300048828125 2269.199951171875 2281.39990234375 2293.5 2277.10009765625 2259.699951171875 2242.60009765625 2225.199951171875 2207.89990234375 2188.10009765625 2167.699951171875 2147.60009765625 2127.5 2107.199951171875 2045.0999755859375 1981 1917.300048828125 1853.800048828125 1790 1772.5 1756.9000244140625
2281.800048828125 2315 2348.39990234375 2323 2296.300048828125 2269.60009765625 2242.800048828125 2216.39990234375 2211.39990234375 2206.89990234375 2202.5 2197.89990234375 2193.60009765625 2191.10009765625 2189 2186.60009765625 2184.199951171875 2182 2160.699951171875 2139 2117.10009765625 2095.300048828125 2073.39990234375 2104.199951171875 2136.5 2169.10009765625 2201.5 2233.699951171875 2247.199951171875 2260.10009765625 2272.800048828125 2285.300048828125 2298.199951171875 2279 2259.10009765625 2239.10009765625 2219 2199 2182.60009765625 2166.39990234375 2150.10009765625 2133.800048828125 2117.699951171875 2055.199951171875 1991.199951171875 1926.800048828125 1862.800048828125 1798.5999755859375 1780.199951171875 1763.5999755859375
2276.60009765625 2309.39990234375 2342 2316.800048828125 2290.300048828125 2263.89990234375 2237.60009765625 2211.10009765625 2208.10009765625 2205.39990234375 2202.800048828125 2200.199951171875 2197.800048828125 2192.199951171875 2186.39990234375 2180.60009765625 2175.10009765625 2169.300048828125 2151.699951171875 2133.699951171875 2115.60009765625 2097.39990234375 2079.60009765625 2105.89990234375 2133.39990234375 2161.199951171875 2188.800048828125 2216.199951171875 2232.10009765625 2247.699951171875 2263 2278.5 2294.10009765625 2278.300048828125 2261.60009765625 2244.60009765625 2227.89990234375 2211.199951171875 2191.10009765625 2171.199951171875 2151 2130.60009765625 2110.699951171875 2050.10009765625 1988.0999755859375 1926.0999755859375 1864.0999755859375 1801.9000244140625 1776.199951171875 1752.0999755859375
2271.39990234375 2302.89990234375 2334.199951171875 2309.39990234375 2283.39990234375 2257.39990234375 2231.39990234375 2205.300048828125 2204.10009765625 2203.5 2203.10009765625 2202.39990234375 2202 2192.800048828125 2183.5 2174.10009765625 2164.800048828125 2155.300048828125 2141.699951171875 2127.699951171875 2114 2100 2086 2107.5 2130.10009765625 2152.89990234375 2175.300048828125 2198.10009765625 2216.39990234375 2234.60009765625 2253 2271.10009765625 2289.60009765625 2277.300048828125 2264.199951171875 2251 2237.60009765625 2224.5 2200.300048828125 2176 2151.5 2127 2102.699951171875 2044.300048828125 1984.300048828125 1924.699951171875 1864.699951171875 1804.9000244140625 1771.699951171875 1739.5
2266.300048828125 2296.5 2326.800048828125 2302.39990234375 2276.60009765625 2250.89990234375 2224.89990234375 2199.300048828125 2200.10009765625 2201.5 2203 2204.39990234375 2205.89990234375 2193.60009765625 2180.60009765625 2167.60009765625 2154.5 2141.5 2131.60009765625 2121.800048828125 2112 2102 2092.5 2109.199951171875 2126.699951171875 2144.39990234375 2162.10009765625 2179.800048828125 2200.60009765625 2221.89990234375 2242.699951171875 2263.699951171875 2284.89990234375 2276.300048828125 2266.60009765625 2256.89990234375 2247.300048828125 2237.60009765625 2209.699951171875 2180.89990234375 2152.300048828125 2123.60009765625 2094.699951171875 2038.199951171875 1980.699951171875 1923.199951171875 1865.699951171875 1808.199951171875 1767.300048828125 1727
2261.199951171875 2290.300048828125 2319.5 2295.10009765625 2269.60009765625 2244.300048828125 2219 2193.39990234375 2196.199951171875 2199.699951171875 2203.199951171875 2206.800048828125 2210.199951171875 2194.10009765625 2177.60009765625 2161.10009765625 2144.300048828125 2127.699951171875 2121.699951171875 2116.10009765625 2110.199951171875 2104.60009765625 2099 2110.800048828125 2123.39990234375 2136.10009765625 2148.699951171875 2161.300048828125 2185 2208.699951171875 2232.699951171875 2256.5 2280.300048828125 2275.199951171875 2269 2263.199951171875 2256.89990234375 2250.89990234375 2219 2185.89990234375 2152.800048828125 2119.89990234375 2086.699951171875 2032.4000244140625 1977.0999755859375 1921.800048828125 1866.5 1811.0999755859375 1762.699951171875 1714.5999755859375
2256.10009765625 2284.10009765625 2312 2287.800048828125 2262.89990234375 2237.60009765625 2212.60009765625 2187.60009765625 2192.10009765625 2197.800048828125 2203.300048828125 2208.800048828125 2214.300048828125 2194.89990234375 2174.60009765625 2154.300048828125 2133.89990234375 2113.699951171875 2111.60009765625 2110.10009765625 2108.39990234375 2106.800048828125 2105.10009765625 2112.5 2120.199951171875 2127.699951171875 2135.300048828125 2143.10009765625 2169.199951171875 2195.800048828125 2222.39990234375 2249.10009765625 2275.89990234375 2274.300048828125 2271.699951171875 2269.199951171875 2266.699951171875 2264.300048828125 2228.199951171875 2190.800048828125 2153.699951171875 2116.10009765625 2079 2026.5 1973.4000244140625 1920.199951171875 1867.300048828125 1814.199951171875 1758.300048828125 1702.199951171875
2259.199951171875 2287.699951171875 2316 2290.39990234375 2263.199951171875 2236.10009765625 2209.10009765625 2182.300048828125 2187.699951171875 2193.89990234375 2200.199951171875 2206.39990234375 2212.699951171875 2194.10009765625 2175.39990234375 2156.39990234375 2137.300048828125 2118.300048828125 2115.60009765625 2113.300048828125 2111.199951171875 2108.699951171875 2106.60009765625 2114.699951171875 2123.300048828125 2131.89990234375 2140.5 2149.199951171875 2176 2203.10009765625 2230.39990234375 2257.699951171875 2284.800048828125 2284 2282 2280.300048828125 2278.60009765625 2277.10009765625 2239.39990234375 2200.60009765625 2161.60009765625 2122.800048828125 2084.199951171875 2032.699951171875 1980.699951171875 1928.699951171875 1876.699951171875 1824.699951171875 1767.699951171875 1710.300048828125
2262.800048828125 2291.89990234375 2320.89990234375 2293.10009765625 2264.199951171875 2235.10009765625 2206.199951171875 2177 2183.10009765625 2190.10009765625 2196.89990234375 2203.699951171875 2210.60009765625 2193.800048828125 2176.39990234375 2158.89990234375 2141.5 2124.10009765625 2120.5 2117.300048828125 2114 2110.800048828125 2107.699951171875 2117.199951171875 2127 2137 2146.5 2156.5 2183.800048828125 2211.39990234375 2239 2266.89990234375 2294.60009765625 2294.300048828125 2293.10009765625 2292.199951171875 2290.60009765625 2289.60009765625 2250.60009765625 2210.60009765625 2170.300048828125 2130 2090 2039.300048828125 1988.5999755859375 1937.699951171875 1886.800048828125 1835.9000244140625 1777.699951171875 1719.5
2266.199951171875 2296 2326 2296.300048828125 2265.199951171875 2234.10009765625 2203 2171.89990234375 2178.60009765625 2186 2193.60009765625 2201 2208.699951171875 2193.300048828125 2177.199951171875 2161.5 2145.60009765625 2129.699951171875 2125.300048828125 2121 2117 2112.89990234375 2108.800048828125 2119.60009765625 2130.60009765625 2141.699951171875 2152.800048828125 2163.699951171875 2191.60009765625 2219.699951171875 2248.10009765625 2276.199951171875 2304.5 2304.89990234375 2304.10009765625 2303.39990234375 2302.89990234375 2302 2261.800048828125 2220.39990234375 2178.89990234375 2137 2095.5 2046 1996.0999755859375 1946.4000244140625 1896.5999755859375 1846.9000244140625 1788 1728.9000244140625
2270 2300.300048828125 2330.89990234375 2299 2266 2233.10009765625 2199.800048828125 2166.699951171875 2174 2182 2190.300048828125 2198.39990234375 2206.60009765625 2192.699951171875 2178.5 2164 2149.60009765625 2135.199951171875 2130 2125 2119.89990234375 2115 2109.89990234375 2121.89990234375 2134.300048828125 2146.300048828125 2158.800048828125 2171.10009765625 2199.300048828125 2228.199951171875 2256.60009765625 2285.300048828125 2314.10009765625 2315 2315.10009765625 2314.89990234375 2314.89990234375 2314.699951171875 2273.199951171875 2230.300048828125 2187.39990234375 2144.39990234375 2101.5 2052.89990234375 2004.0999755859375 1955.4000244140625 1906.5999755859375 1858 1798.199951171875 1738
2273.5 2304.60009765625 2335.800048828125 2302.10009765625 2266.800048828125 2231.89990234375 2196.800048828125 2161.699951171875 2169.199951171875 2178.39990234375 2187.10009765625 2195.699951171875 2204.60009765625 2192.300048828125 2179.39990234375 2166.800048828125 2153.89990234375 2140.800048828125 2134.800048828125 2128.89990234375 2123 2117.10009765625 2111.10009765625 2124.10009765625 2137.800048828125 2151.39990234375 2164.800048828125 2178.39990234375 2207.199951171875 2236.300048828125 2265.60009765625 2294.800048828125 2324 2325.39990234375 2326 2326.5 2327.10009765625 2327.300048828125 2284.5 2240.199951171875 2195.800048828125 2151.5 2106.89990234375 2059.39990234375 2011.9000244140625 1964.199951171875 1916.5999755859375 1869 1808.300048828125 1747.300048828125
2261.199951171875 2288.5 2315.89990234375 2286.5 2256 2225.39990234375 2194.89990234375 2164.39990234375 2171.300048828125 2178.800048828125 2186.39990234375 2194 2201.699951171875 2190.89990234375 2179.60009765625 2168.300048828125 2157.199951171875 2145.89990234375 2139.60009765625 2133.5 2127.5 2121.5 2115.5 2127.10009765625 2139.300048828125 2151.800048828125 2164 2176.199951171875 2202.5 2229.199951171875 2255.800048828125 2282.5 2309 2308.300048828125 2306.39990234375 2305.10009765625 2303 2301.300048828125 2264.39990234375 2225.89990234375 2187.699951171875 2149.300048828125 2111.199951171875 2060.60009765625 2010 1959.4000244140625 1908.5999755859375 1857.699951171875 1798.4000244140625 1738.9000244140625
2247.800048828125 2271 2294.699951171875 2270.300048828125 2244.699951171875 2219.10009765625 2193.39990234375 2167.89990234375 2173.300048828125 2179.800048828125 2186 2192.39990234375 2198.699951171875 2189.39990234375 2179.699951171875 2170.199951171875 2160.5 2150.699951171875 2144.60009765625 2138.199951171875 2132.10009765625 2126 2119.800048828125 2130.10009765625 2141.10009765625 2151.89990234375 2162.800048828125 2173.699951171875 2197.10009765625 2221.10009765625 2245.10009765625 2268.89990234375 2292.699951171875 2289.5 2285.5 2281.5 2277.39990234375 2273.199951171875 2242.39990234375 2210.5 2178.699951171875 2146.5 2114.800048828125 2061.5 2007.699951171875 1953.4000244140625 1899.699951171875 1845.5999755859375 1787.800048828125 1729.800048828125
2234.300048828125 2253.89990234375 2273.60009765625 2253.800048828125 2233 2212.39990234375 2191.60009765625 2171 2175.60009765625 2180.699951171875 2185.699951171875 2190.60009765625 2195.699951171875 2188.10009765625 2180 2171.699951171875 2163.60009765625 2155.39990234375 2149.300048828125 2142.89990234375 2136.60009765625 2130.300048828125 2124.199951171875 2133.199951171875 2142.5 2152.10009765625 2161.39990234375 2170.89990234375 2191.800048828125 2212.89990234375 2234.199951171875 2255.300048828125 2276.60009765625 2270.89990234375 2264.5 2258.10009765625 2251.699951171875 2245.39990234375 2220.5 2195.10009765625 2169.5 2143.89990234375 2118.699951171875 2062.39990234375 2005.199951171875 1947.9000244140625 1890.5 1833.199951171875 1776.699951171875 1720.4000244140625
2221.199951171875 2236.699951171875 2252.5 2237.39990234375 2221.800048828125 2205.89990234375 2190 2174.39990234375 2177.699951171875 2181.300048828125 2185.199951171875 2189.10009765625 2192.699951171875 2186.60009765625 2180.199951171875 2173.60009765625 2167.10009765625 2160.39990234375 2154.10009765625 2147.89990234375 2141.5 2135 2128.60009765625 2136.10009765625 2144.10009765625 2152.199951171875 2160.300048828125 2168.300048828125 2186.5 2204.89990234375 2223.300048828125 2241.800048828125 2260.300048828125 2252.300048828125 2243.300048828125 2234.699951171875 2226.10009765625 2217.300048828125 2198.5 2179.5 2160.39990234375 2141.5 2122.199951171875 2063.39990234375 2002.5999755859375 1942.0999755859375 1881.4000244140625 1820.699951171875 1765.9000244140625 1711
