DatosClimaticos/DatosMaxEnt/2023/BIO14_2023.asc
ncols        206
nrows        206
xllcorner    -76.208333333333
yllcorner    4.492353333333
cellsize     0.008330000000
NODATA_value -9999
[rows 168 to 188 of 206, columns 94 to 140 of 206]
49.5 49.200000762939453125 48.90000152587890625 48.59999847412109375 48.200000762939453125 47.799999237060546875 47.299999237060546875 46.90000152587890625 46.5 50.09999847412109375 53.90000152587890625 57.59999847412109375 61.40000152587890625 65.1999969482421875 65.90000152587890625 66.40000152587890625 67 67.5 68.09999847412109375 74.59999847412109375 75.90000152587890625 67.5 59.200000762939453125 50.90000152587890625 51.700000762939453125 52.90000152587890625 54.09999847412109375 55.40000152587890625 56.59999847412109375 59.59999847412109375 62.59999847412109375 65.6999969482421875 68.8000030517578125 71.8000030517578125 70.3000030517578125 68.5 66.8000030517578125 65 63.200000762939453125 64.90000152587890625 66.90000152587890625 68.8000030517578125 70.6999969482421875 72.09999847412109375 70.90000152587890625 68.90000152587890625 66.90000152587890625
50.09999847412109375 49.700000762939453125 49.40000152587890625 49.09999847412109375 48.90000152587890625 48.799999237060546875 48.700000762939453125 48.59999847412109375 48.5 51.90000152587890625 55.40000152587890625 59 62.5 61.799999237060546875 66.1999969482421875 66.8000030517578125 67.09999847412109375 67.40000152587890625 67.6999969482421875 73.1999969482421875 71.59999847412109375 64.6999969482421875 57.90000152587890625 51 51.5 52.299999237060546875 53.09999847412109375 53.90000152587890625 54.799999237060546875 58.09999847412109375 61.59999847412109375 65 68.5 72 70.90000152587890625 69.6999969482421875 68.40000152587890625 67.09999847412109375 65.90000152587890625 66.90000152587890625 68 69.1999969482421875 70.3000030517578125 71.40000152587890625 70.3000030517578125 68.90000152587890625 67.59999847412109375
50.59999847412109375 50.200000762939453125 49.90000152587890625 49.40000152587890625 49.59999847412109375 49.90000152587890625 50.09999847412109375 50.40000152587890625 50.59999847412109375 53.700000762939453125 57 59.40000152587890625 57.799999237060546875 56.200000762939453125 60.299999237060546875 64.59999847412109375 67.1999969482421875 67.1999969482421875 67.3000030517578125 71.6999969482421875 67.40000152587890625 62 56.5 51.09999847412109375 51.299999237060546875 51.700000762939453125 52.09999847412109375 52.5 52.90000152587890625 56.59999847412109375 60.5 64.40000152587890625 68.3000030517578125 72.09999847412109375 71.59999847412109375 70.8000030517578125 70.09999847412109375 69.3000030517578125 68.59999847412109375 68.8000030517578125 69.1999969482421875 69.5 69.8000030517578125 70.1999969482421875 69.59999847412109375 69 68.40000152587890625
51.09999847412109375 50.700000762939453125 50.40000152587890625 49.799999237060546875 50.299999237060546875 50.90000152587890625 51.5 52.09999847412109375 52.700000762939453125 55.59999847412109375 56.90000152587890625 54.799999237060546875 52.700000762939453125 50.5 54.299999237060546875 58.40000152587890625 62.5 66.59999847412109375 66.90000152587890625 67 63.09999847412109375 59.200000762939453125 55.200000762939453125 51.299999237060546875 51.09999847412109375 51.09999847412109375 51.09999847412109375 51.09999847412109375 51.09999847412109375 55.200000762939453125 59.40000152587890625 63.700000762939453125 68 72.3000030517578125 72.3000030517578125 72 71.6999969482421875 71.5 71.1999969482421875 70.8000030517578125 70.3000030517578125 69.8000030517578125 69.40000152587890625 68.90000152587890625 69 69 69.09999847412109375
51.59999847412109375 51.200000762939453125 50.90000152587890625 50.200000762939453125 51.09999847412109375 52 52.90000152587890625 53.799999237060546875 54.700000762939453125 55.59999847412109375 52.90000152587890625 50.200000762939453125 47.59999847412109375 44.90000152587890625 48.40000152587890625 52.200000762939453125 56 59.700000762939453125 63.5 61.299999237060546875 58.799999237060546875 56.40000152587890625 53.90000152587890625 51.40000152587890625 50.90000152587890625 50.5 50.09999847412109375 49.700000762939453125 49.200000762939453125 53.700000762939453125 58.40000152587890625 63.09999847412109375 67.8000030517578125 72.40000152587890625 72.90000152587890625 73.1999969482421875 73.40000152587890625 73.6999969482421875 73.90000152587890625 72.6999969482421875 71.5 70.1999969482421875 68.90000152587890625 67.6999969482421875 68.3000030517578125 69.09999847412109375 69.8000030517578125
52.59999847412109375 51.90000152587890625 51.200000762939453125 50.09999847412109375 51.09999847412109375 52.299999237060546875 53.40000152587890625 54.5 55.59999847412109375 57.09999847412109375 54.799999237060546875 52.59999847412109375 50.299999237060546875 48.09999847412109375 50.299999237060546875 52.799999237060546875 55.299999237060546875 57.799999237060546875 60.299999237060546875 58.700000762939453125 56.799999237060546875 55 53.200000762939453125 51.299999237060546875 51.09999847412109375 51 50.799999237060546875 50.700000762939453125 50.5 54.299999237060546875 58.40000152587890625 62.40000152587890625 66.40000152587890625 70.40000152587890625 71.3000030517578125 71.90000152587890625 72.59999847412109375 73.1999969482421875 73.90000152587890625 73.1999969482421875 72.40000152587890625 71.59999847412109375 70.90000152587890625 70.09999847412109375 70.1999969482421875 70.3000030517578125 70.40000152587890625
53.700000762939453125 52.59999847412109375 51.59999847412109375 50 51.200000762939453125 52.5 53.799999237060546875 55.09999847412109375 56.40000152587890625 58.90000152587890625 57.200000762939453125 55.40000152587890625 53.59999847412109375 51.799999237060546875 52.90000152587890625 54 55.09999847412109375 56.200000762939453125 57.40000152587890625 56.200000762939453125 55 53.700000762939453125 52.5 51.200000762939453125 51.299999237060546875 51.5 51.700000762939453125 51.90000152587890625 52 55.09999847412109375 58.40000152587890625 61.700000762939453125 65 68.1999969482421875 69.40000152587890625 70.5 71.5 72.59999847412109375 73.6999969482421875 73.5 73.3000030517578125 73.09999847412109375 72.6999969482421875 71 70.8000030517578125 70.6999969482421875 70.59999847412109375
54.799999237060546875 53.299999237060546875 51.90000152587890625 49.799999237060546875 51.200000762939453125 52.700000762939453125 54.200000762939453125 55.700000762939453125 57.200000762939453125 59.5 59.5 58.200000762939453125 56.90000152587890625 55.59999847412109375 55.40000152587890625 55.09999847412109375 54.90000152587890625 54.700000762939453125 54.40000152587890625 53.799999237060546875 53.09999847412109375 52.5 51.799999237060546875 51.200000762939453125 51.59999847412109375 52.09999847412109375 52.59999847412109375 53 53.5 56 58.5 61 63.5 66.09999847412109375 67.59999847412109375 69 70.5 72 73.40000152587890625 73.90000152587890625 74.3000030517578125 73.1999969482421875 71.40000152587890625 69.59999847412109375 69.3000030517578125 69.09999847412109375 68.90000152587890625
55.799999237060546875 54 52.299999237060546875 49.700000762939453125 51.200000762939453125 52.90000152587890625 54.59999847412109375 56.299999237060546875 58.09999847412109375 60.200000762939453125 61.90000152587890625 61.09999847412109375 60.299999237060546875 59.40000152587890625 57.90000152587890625 56.299999237060546875 54.700000762939453125 53.09999847412109375 51.5 51.299999237060546875 51.299999237060546875 51.200000762939453125 51.09999847412109375 51.09999847412109375 51.799999237060546875 52.59999847412109375 53.40000152587890625 54.200000762939453125 55 56.799999237060546875 58.5 60.299999237060546875 62.09999847412109375 63.90000152587890625 65.6999969482421875 67.59999847412109375 69.5 71.3000030517578125 73.1999969482421875 74.1999969482421875 74.1999969482421875 72.1999969482421875 70.09999847412109375 68.09999847412109375 67.6999969482421875 67.40000152587890625 67.1999969482421875
56.90000152587890625 54.799999237060546875 52.59999847412109375 49.59999847412109375 51.200000762939453125 53.09999847412109375 55.09999847412109375 57 58.90000152587890625 60.90000152587890625 63 63.90000152587890625 63.59999847412109375 63.200000762939453125 60.40000152587890625 57.40000152587890625 54.5 51.5 48.5 48.90000152587890625 49.40000152587890625 49.90000152587890625 50.5 51 52.09999847412109375 53.200000762939453125 54.299999237060546875 55.40000152587890625 56.5 57.59999847412109375 58.59999847412109375 59.59999847412109375 60.700000762939453125 61.700000762939453125 63.90000152587890625 66.1999969482421875 68.5 70.6999969482421875 73 74.59999847412109375 73.40000152587890625 71.09999847412109375 68.90000152587890625 66.59999847412109375 66.1999969482421875 65.8000030517578125 65.5
58.40000152587890625 56.40000152587890625 54.299999237060546875 51.09999847412109375 52.799999237060546875 54.700000762939453125 56.700000762939453125 58.59999847412109375 60.5 62.40000152587890625 63.700000762939453125 63.299999237060546875 63 62.700000762939453125 60.40000152587890625 58 55.59999847412109375 53.200000762939453125 50.799999237060546875 52.09999847412109375 53.5 55 56.5 58 58.200000762939453125 58.299999237060546875 58.40000152587890625 58.59999847412109375 58.700000762939453125 59.5 60.299999237060546875 61.09999847412109375 61.90000152587890625 62.700000762939453125 64.6999969482421875 66.8000030517578125 69 71.09999847412109375 73.1999969482421875 73.40000152587890625 71.8000030517578125 70.09999847412109375 68.40000152587890625 66.8000030517578125 66.1999969482421875 65.8000030517578125 65.3000030517578125
59.90000152587890625 58 56.09999847412109375 52.799999237060546875 54.5 56.40000152587890625 58.40000152587890625 60.299999237060546875 62.200000762939453125 63.200000762939453125 62.799999237060546875 62.5 62.200000762939453125 61.799999237060546875 60.200000762939453125 58.5 56.799999237060546875 55.09999847412109375 53.40000152587890625 55.59999847412109375 58.09999847412109375 60.5 63 65.5 64.6999969482421875 63.799999237060546875 62.799999237060546875 61.90000152587890625 60.90000152587890625 61.5 62.09999847412109375 62.700000762939453125 63.299999237060546875 63.799999237060546875 65.6999969482421875 67.6999969482421875 69.59999847412109375 71.59999847412109375 72.1999969482421875 71.09999847412109375 70.09999847412109375 69.09999847412109375 68 67 66.40000152587890625 65.90000152587890625 65.3000030517578125
61.5 59.700000762939453125 58 54.5 56.200000762939453125 58.09999847412109375 59.59999847412109375 60.799999237060546875 61.90000152587890625 62.40000152587890625 62 61.700000762939453125 61.299999237060546875 60.90000152587890625 60 59 58 57 56 59.200000762939453125 62.700000762939453125 66.09999847412109375 69.5 69.59999847412109375 71.1999969482421875 69.1999969482421875 67.1999969482421875 65.1999969482421875 63.200000762939453125 63.5 63.90000152587890625 64.1999969482421875 64.59999847412109375 65 66.6999969482421875 68.5 70.1999969482421875 71 69.3000030517578125 68.8000030517578125 68.40000152587890625 68 67.59999847412109375 67.1999969482421875 66.59999847412109375 65.90000152587890625 65.3000030517578125
63 61.40000152587890625 59.40000152587890625 56.09999847412109375 57.90000152587890625 59.5 60.09999847412109375 60.799999237060546875 61.5 61.59999847412109375 61.200000762939453125 60.799999237060546875 60.40000152587890625 60.09999847412109375 59.799999237060546875 59.5 59.200000762939453125 58.90000152587890625 58.59999847412109375 62.799999237060546875 67.1999969482421875 71.59999847412109375 72 70.90000152587890625 72.90000152587890625 74.6999969482421875 71.59999847412109375 68.5 65.40000152587890625 65.40000152587890625 65.59999847412109375 65.8000030517578125 66 66.1999969482421875 67.6999969482421875 69.3000030517578125 70.1999969482421875 68.3000030517578125 66.40000152587890625 66.5 66.8000030517578125 67 67.1999969482421875 67.5 66.8000030517578125 66 65.1999969482421875
64.5 63.09999847412109375 60.90000152587890625 57.799999237060546875 59.59999847412109375 60.5 60.700000762939453125 60.90000152587890625 61.09999847412109375 60.799999237060546875 60.40000152587890625 60 59.59999847412109375 59.200000762939453125 59.59999847412109375 60 60.40000152587890625 60.799999237060546875 61.200000762939453125 66.40000152587890625 71.8000030517578125 74.8000030517578125 73.5 72.1999969482421875 74.09999847412109375 76.1999969482421875 76 71.8000030517578125 67.59999847412109375 67.40000152587890625 67.40000152587890625 67.40000152587890625 67.40000152587890625 67.40000152587890625 68.6999969482421875 69.6999969482421875 67.6999969482421875 65.59999847412109375 63.5 64.1999969482421875 65.09999847412109375 66 66.90000152587890625 67.6999969482421875 67 66.09999847412109375 65.1999969482421875
67.3000030517578125 65.5 63.700000762939453125 61.90000152587890625 62.40000152587890625 62.90000152587890625 63.40000152587890625 63.90000152587890625 63.299999237060546875 62.59999847412109375 61.90000152587890625 61.299999237060546875 60.700000762939453125 60.09999847412109375 60.09999847412109375 60.09999847412109375 60.09999847412109375 60.09999847412109375 60.200000762939453125 64.40000152587890625 68.90000152587890625 73.3000030517578125 74.1999969482421875 73.1999969482421875 74.8000030517578125 75.59999847412109375 72.1999969482421875 68.6999969482421875 65.1999969482421875 65.40000152587890625 65.6999969482421875 66.09999847412109375 66.40000152587890625 66.8000030517578125 68.3000030517578125 68 66.6999969482421875 65.3000030517578125 63.90000152587890625 64.59999847412109375 65.3000030517578125 66.09999847412109375 66.90000152587890625 67.6999969482421875 67 66.1999969482421875 65.40000152587890625
70.3000030517578125 68.09999847412109375 65.90000152587890625 63.799999237060546875 64.5 65.40000152587890625 66.3000030517578125 67.09999847412109375 65.5 64.59999847412109375 63.700000762939453125 62.799999237060546875 62 61.09999847412109375 60.59999847412109375 60.200000762939453125 59.799999237060546875 59.299999237060546875 58.90000152587890625 62.09999847412109375 65.40000152587890625 68.6999969482421875 72.09999847412109375 74.1999969482421875 73 70.40000152587890625 67.6999969482421875 65 62.40000152587890625 63 63.700000762939453125 64.5 65.1999969482421875 66 67 66.40000152587890625 65.8000030517578125 65.1999969482421875 64.5 65.09999847412109375 65.6999969482421875 66.3000030517578125 67 67.59999847412109375 66.90000152587890625 66.1999969482421875 65.5
73.1999969482421875 70.59999847412109375 68.09999847412109375 65.59999847412109375 66.6999969482421875 67.90000152587890625 69.09999847412109375 69 67.6999969482421875 66.59999847412109375 65.5 64.40000152587890625 63.200000762939453125 62.09999847412109375 61.200000762939453125 60.299999237060546875 59.40000152587890625 58.5 57.59999847412109375 59.700000762939453125 61.90000152587890625 64.09999847412109375 66.40000152587890625 68.59999847412109375 67 65.09999847412109375 63.299999237060546875 61.40000152587890625 59.59999847412109375 60.59999847412109375 61.700000762939453125 62.90000152587890625 64.09999847412109375 64.5 64.59999847412109375 64.8000030517578125 64.90000152587890625 65 65.1999969482421875 65.59999847412109375 66.09999847412109375 66.59999847412109375 67 67.5 66.90000152587890625 66.3000030517578125 65.6999969482421875
74.59999847412109375 73.1999969482421875 70.3000030517578125 67.40000152587890625 68.8000030517578125 70.40000152587890625 71.5 70.6999969482421875 69.90000152587890625 68.59999847412109375 67.1999969482421875 65.90000152587890625 64.5 63.200000762939453125 61.799999237060546875 60.40000152587890625 59 57.700000762939453125 56.299999237060546875 57.299999237060546875 58.40000152587890625 59.59999847412109375 60.700000762939453125 61.799999237060546875 60.90000152587890625 59.799999237060546875 58.799999237060546875 57.799999237060546875 56.700000762939453125 58.200000762939453125 59.700000762939453125 61.299999237060546875 62.799999237060546875 61.40000152587890625 62.200000762939453125 63.09999847412109375 64 64.90000152587890625 65.8000030517578125 66.1999969482421875 66.5 66.8000030517578125 67.09999847412109375 67.40000152587890625 66.90000152587890625 66.40000152587890625 65.90000152587890625
74.59999847412109375 74.1999969482421875 72.5 69.1999969482421875 70.90000152587890625 71.5 71.59999847412109375 71.59999847412109375 71.59999847412109375 70.59999847412109375 69 67.40000152587890625 65.8000030517578125 64.1999969482421875 62.40000152587890625 60.5 58.700000762939453125 56.799999237060546875 55 54.90000152587890625 54.90000152587890625 55 55 55 54.799999237060546875 54.59999847412109375 54.40000152587890625 54.09999847412109375 53.90000152587890625 55.799999237060546875 57.700000762939453125 59.700000762939453125 60 58.299999237060546875 59.799999237060546875 61.5 63.09999847412109375 64.8000030517578125 66.5 66.6999969482421875 66.8000030517578125 67 67.09999847412109375 67.3000030517578125 66.90000152587890625 66.5 65.90000152587890625
73.40000152587890625 71.90000152587890625 70.5 69 69.09999847412109375 69.3000030517578125 69.40000152587890625 69.59999847412109375 69.6999969482421875 70.1999969482421875 70.6999969482421875 70.5 68.40000152587890625 66.3000030517578125 63.90000152587890625 61.5 59 56.59999847412109375 54.200000762939453125 54.200000762939453125 54.40000152587890625 54.59999847412109375 54.799999237060546875 55 54.90000152587890625 54.799999237060546875 54.59999847412109375 54.5 54.40000152587890625 56.40000152587890625 58.40000152587890625 60.5 62.5 61 62.299999237060546875 63.700000762939453125 65.1999969482421875 66.59999847412109375 68.09999847412109375 68 67.90000152587890625 67.8000030517578125 67.6999969482421875 67.59999847412109375 66.59999847412109375 65.6999969482421875 64.6999969482421875
