DatosClimaticos/DatosMaxEnt/2023/BIO15_2023.asc
ncols        206
nrows        206
xllcorner    -76.208333333333
yllcorner    4.492353333333
cellsize     0.008330000000
NODATA_value -9999
[rows 114 to 132 of 206, columns 86 to 128 of 206]
40.314739227294921875 41.371356964111328125 41.5345458984375 41.86620330810546875 42.39225006103515625 43.12874603271484375 44.103466033935546875 43.82332611083984375 43.552947998046875 43.34020233154296875 43.238445281982421875 43.212528228759765625 41.828212738037109375 40.474483489990234375 39.20832061767578125 38.063968658447265625 37.0258026123046875 35.391025543212890625 33.92072296142578125 32.67427825927734375 31.6342926025390625 30.802150726318359375 30.522197723388671875 30.311777114868164062 30.141092300415039062 29.995204925537109375 29.910070419311523438 29.390176773071289062 29.104841232299804688 29.086446762084960938 29.329498291015625 29.840257644653320312 29.745618820190429688 30.03386688232421875 30.690601348876953125 31.616796493530273438 32.7222137451171875 34.346920013427734375 36.723663330078125 39.6596221923828125 42.9760589599609375 46.520793914794921875 48.61028289794921875
40.126010894775390625 41.2677764892578125 41.4694976806640625 41.817623138427734375 42.356475830078125 43.075824737548828125 43.99626922607421875 43.686550140380859375 43.36544036865234375 43.11305999755859375 42.91857147216796875 42.848087310791015625 41.903118133544921875 40.95615386962890625 40.0901336669921875 39.262542724609375 38.5326690673828125 37.022747039794921875 35.640010833740234375 34.46488189697265625 33.432392120361328125 32.585552215576171875 31.92136383056640625 31.352426528930664062 30.892181396484375 30.502227783203125 30.203096389770507812 29.62928009033203125 29.180421829223632812 28.903453826904296875 28.766363143920898438 28.796611785888671875 28.949798583984375 29.50437164306640625 30.363676071166992188 31.442575454711914062 32.694293975830078125 34.431793212890625 36.853305816650390625 39.778347015380859375 43.02300262451171875 46.492095947265625 48.499118804931640625
39.994274139404296875 41.252658843994140625 41.480503082275390625 41.853607177734375 42.363048553466796875 43.07355499267578125 43.92510986328125 43.58831024169921875 43.239803314208984375 42.936733245849609375 42.71503448486328125 42.590972900390625 42.101779937744140625 41.62259674072265625 41.190181732177734375 40.806514739990234375 40.485523223876953125 39.168712615966796875 37.988430023193359375 36.961414337158203125 36.0849151611328125 35.375812530517578125 34.086009979248046875 32.9516754150390625 32.0070037841796875 31.214399337768554688 30.618053436279296875 29.904193878173828125 29.292633056640625 28.762224197387695312 28.362512588500976562 28.058782577514648438 28.435567855834960938 29.20427703857421875 30.228830337524414062 31.4508514404296875 32.842906951904296875 34.613948822021484375 37.04247283935546875 39.9382781982421875 43.12432098388671875 46.50864410400390625 48.424747467041015625
39.922481536865234375 41.314243316650390625 41.56618499755859375 41.9154052734375 42.431575775146484375 43.100597381591796875 43.9272918701171875 43.555309295654296875 43.160274505615234375 42.842845916748046875 42.607448577880859375 42.461559295654296875 42.428863525390625 42.4587554931640625 42.53650665283203125 42.662334442138671875 42.83889007568359375 41.7913360595703125 40.865673065185546875 40.084575653076171875 39.48260498046875 39.01084136962890625 36.903743743896484375 35.010040283203125 33.424747467041015625 32.13854217529296875 31.16278839111328125 30.22247314453125 29.39864349365234375 28.686399459838867188 28.1002197265625 27.607822418212890625 28.170864105224609375 29.093496322631835938 30.27359771728515625 31.630603790283203125 33.13857269287109375 34.912097930908203125 37.316864013671875 40.149738311767578125 43.262378692626953125 46.584537506103515625 48.376178741455078125
39.58589935302734375 40.900890350341796875 41.199672698974609375 41.54868316650390625 42.05279541015625 42.68935394287109375 43.44771575927734375 42.91595458984375 42.35138702392578125 41.833251953125 41.357425689697265625 40.94916534423828125 40.995563507080078125 41.07761383056640625 41.217395782470703125 41.381885528564453125 41.594509124755859375 40.906391143798828125 40.298221588134765625 39.820281982421875 39.477405548095703125 39.231250762939453125 37.453033447265625 35.840606689453125 34.40431976318359375 33.1771240234375 32.12060546875 31.020965576171875 30.070310592651367188 29.250959396362304688 28.591838836669921875 28.050048828125 28.307733535766601562 28.966831207275390625 29.943861007690429688 31.188297271728515625 32.638729095458984375 34.569698333740234375 36.96623992919921875 39.661388397216796875 42.569843292236328125 45.621219635009765625 47.39762115478515625
39.2726287841796875 40.51642608642578125 40.87422943115234375 41.264881134033203125 41.779254913330078125 42.4030609130859375 43.134212493896484375 42.469181060791015625 41.76500701904296875 41.09964752197265625 40.483112335205078125 39.916309356689453125 39.945835113525390625 40.01264190673828125 40.127269744873046875 40.27579498291015625 40.460720062255859375 40.036357879638671875 39.70532989501953125 39.4866943359375 39.379764556884765625 39.36956787109375 38.013896942138671875 36.701416015625 35.53626251220703125 34.479343414306640625 33.539714813232421875 32.115749359130859375 30.901515960693359375 29.91309356689453125 29.137554168701171875 28.569730758666992188 28.491943359375 28.89577484130859375 29.717983245849609375 30.877492904663085938 32.317081451416015625 34.332149505615234375 36.65192413330078125 39.18726348876953125 41.8613128662109375 44.623561859130859375 46.404010772705078125
39.0245819091796875 40.193450927734375 40.609790802001953125 41.068119049072265625 41.63497161865234375 42.29235076904296875 43.03919219970703125 42.289752960205078125 41.497314453125 40.7515869140625 40.0697784423828125 39.4711151123046875 39.44646453857421875 39.45601654052734375 39.48525238037109375 39.561588287353515625 39.672939300537109375 39.406024932861328125 39.272045135498046875 39.273334503173828125 39.369731903076171875 39.58678436279296875 38.639888763427734375 37.7015380859375 36.8448486328125 36.078823089599609375 35.406093597412109375 33.488323211669921875 31.88332366943359375 30.62509918212890625 29.71356964111328125 29.100406646728515625 28.71991729736328125 28.903377532958984375 29.597766876220703125 30.745937347412109375 32.23950958251953125 34.2430572509765625 36.43445587158203125 38.76473236083984375 41.194736480712890625 43.67441558837890625 45.43108367919921875
38.824657440185546875 39.942325592041015625 40.430927276611328125 40.981388092041015625 41.632335662841796875 42.3511962890625 43.17156219482421875 42.35138702392578125 41.5331268310546875 40.789806365966796875 40.152072906494140625 39.647724151611328125 39.528621673583984375 39.417636871337890625 39.348926544189453125 39.317867279052734375 39.306919097900390625 39.07944488525390625 39.023876190185546875 39.17086029052734375 39.48635101318359375 39.960662841796875 39.355930328369140625 38.803188323974609375 38.33397674560546875 37.98020172119140625 37.6705474853515625 35.108699798583984375 32.975902557373046875 31.390888214111328125 30.297496795654296875 29.664386749267578125 28.982618331909179688 28.957731246948242188 29.57947540283203125 30.752878189086914062 32.36420440673828125 34.268779754638671875 36.28737640380859375 38.38378143310546875 40.530956268310546875 42.73976898193359375 44.488861083984375
38.671600341796875 39.740016937255859375 40.33177947998046875 40.99158477783203125 41.743358612060546875 42.593578338623046875 43.529415130615234375 42.681896209716796875 41.870941162109375 41.19818115234375 40.71154022216796875 40.44402313232421875 40.190967559814453125 39.973236083984375 39.7591552734375 39.605258941650390625 39.474048614501953125 39.076946258544921875 39.0123138427734375 39.237766265869140625 39.722003936767578125 40.436565399169921875 40.184345245361328125 40.046962738037109375 40.0211181640625 40.11522674560546875 40.303676605224609375 36.9568634033203125 34.199230194091796875 32.190090179443359375 30.892740249633789062 30.22469329833984375 29.2704620361328125 29.077762603759765625 29.657329559326171875 30.912961959838867188 32.73094940185546875 34.4467010498046875 36.224964141845703125 38.05756378173828125 39.933986663818359375 41.8492431640625 43.584991455078125
38.218257904052734375 39.01459503173828125 39.7301483154296875 40.51854705810546875 41.397617340087890625 42.359111785888671875 43.430267333984375 42.67066192626953125 41.916767120361328125 41.2915802001953125 40.794666290283203125 40.497257232666015625 40.30008697509765625 40.08196258544921875 39.907619476318359375 39.741085052490234375 39.603679656982421875 39.110324859619140625 38.94866180419921875 39.078113555908203125 39.4576873779296875 40.06990814208984375 39.3563232421875 38.718105316162109375 38.221218109130859375 37.856304168701171875 37.5775909423828125 34.86058807373046875 32.643505096435546875 31.07262420654296875 30.076755523681640625 29.58034515380859375 28.84777069091796875 28.714054107666015625 29.219720840454101562 30.270477294921875 31.796146392822265625 33.400249481201171875 35.081150054931640625 36.815586090087890625 38.613285064697265625 40.45560455322265625 42.344242095947265625
37.809574127197265625 38.360126495361328125 39.1646728515625 40.059337615966796875 41.0537109375 42.150310516357421875 43.347179412841796875 42.664337158203125 41.982074737548828125 41.390956878662109375 40.911457061767578125 40.574367523193359375 40.416370391845703125 40.256305694580078125 40.094150543212890625 39.961761474609375 39.85894012451171875 39.2631988525390625 39.000568389892578125 39.00838470458984375 39.27872467041015625 39.750762939453125 38.57280731201171875 37.492420196533203125 36.525325775146484375 35.73493194580078125 35.070590972900390625 32.933353424072265625 31.23802947998046875 30.044635772705078125 29.289258956909179688 28.949556350708007812 28.44152069091796875 28.406728744506835938 28.841447830200195312 29.71246337890625 30.962133407592773438 32.4242706298828125 33.985294342041015625 35.636569976806640625 37.35332489013671875 39.122776031494140625 41.145153045654296875
37.4336090087890625 37.786838531494140625 38.6594390869140625 39.65163421630859375 40.74973297119140625 41.9792327880859375 43.302669525146484375 42.705204010009765625 42.095058441162109375 41.53757476806640625 41.086780548095703125 40.730998992919921875 40.599285125732421875 40.48119354248046875 40.3673553466796875 40.2967376708984375 40.217960357666015625 39.54742431640625 39.1574554443359375 39.044063568115234375 39.17792510986328125 39.52655792236328125 37.95420074462890625 36.469493865966796875 35.17230224609375 34.0501861572265625 33.0935516357421875 31.435735702514648438 30.131412506103515625 29.217342376708984375 28.656423568725585938 28.409238815307617188 28.09658050537109375 28.143579483032226562 28.560581207275390625 29.284494400024414062 30.308170318603515625 31.615558624267578125 33.0330810546875 34.574596405029296875 36.20688629150390625 37.902896881103515625 40.003406524658203125
37.14174652099609375 37.298473358154296875 38.23406982421875 39.31470489501953125 40.508808135986328125 41.83087921142578125 43.292903900146484375 42.769680023193359375 42.229480743408203125 41.728458404541015625 41.309906005859375 40.96356964111328125 40.863346099853515625 40.77864837646484375 40.714263916015625 40.70804595947265625 40.7328643798828125 39.93386077880859375 39.41086578369140625 39.165554046630859375 39.189914703369140625 39.408931732177734375 37.48590087890625 35.694927215576171875 34.162261962890625 32.81683349609375 31.704629898071289062 30.36768341064453125 29.336462020874023438 28.591827392578125 28.145944595336914062 27.929117202758789062 27.815031051635742188 27.9523773193359375 28.353282928466796875 29.00989532470703125 29.868345260620117188 30.986124038696289062 32.2623443603515625 33.659931182861328125 35.18273162841796875 36.8022003173828125 38.95122528076171875
36.90567779541015625 36.908447265625 37.877864837646484375 39.02605438232421875 40.3055267333984375 41.731197357177734375 43.3218536376953125 42.896930694580078125 42.398715972900390625 41.960842132568359375 41.590061187744140625 41.26184844970703125 41.193180084228515625 41.157009124755859375 41.147747039794921875 41.196163177490234375 41.333110809326171875 40.410400390625 39.74880218505859375 39.38448333740234375 39.282695770263671875 39.408351898193359375 37.179218292236328125 35.16416168212890625 33.457950592041015625 32.054279327392578125 30.935123443603515625 29.769475936889648438 28.874654769897460938 28.21073150634765625 27.761812210083007812 27.55393218994140625 27.58779144287109375 27.838689804077148438 28.272777557373046875 28.89832305908203125 29.670379638671875 30.569742202758789062 31.659265518188476562 32.91387939453125 34.32989501953125 35.8602752685546875 37.97907257080078125
36.93218994140625 37.118869781494140625 37.97644805908203125 38.96262359619140625 40.074222564697265625 41.29250335693359375 42.6501922607421875 42.329410552978515625 41.954830169677734375 41.616771697998046875 41.327388763427734375 41.078037261962890625 41.10294342041015625 41.1550750732421875 41.26778411865234375 41.419597625732421875 41.668643951416015625 40.66919708251953125 39.935665130615234375 39.481838226318359375 39.3290252685546875 39.376369476318359375 37.55899810791015625 35.8844451904296875 34.425334930419921875 33.1954193115234375 32.142780303955078125 30.745439529418945312 29.61205291748046875 28.741285324096679688 28.134664535522460938 27.7735137939453125 27.732303619384765625 27.882589340209960938 28.232770919799804688 28.738712310791015625 29.401914596557617188 30.2246551513671875 31.2586517333984375 32.47980499267578125 33.85245513916015625 35.35343170166015625 37.313510894775390625
36.98612213134765625 37.42266845703125 38.124664306640625 38.93457794189453125 39.842479705810546875 40.868377685546875 41.966434478759765625 41.76465606689453125 41.495723724365234375 41.282024383544921875 41.086944580078125 40.954402923583984375 41.036510467529296875 41.20745086669921875 41.416057586669921875 41.668865203857421875 42.02391815185546875 40.954196929931640625 40.130847930908203125 39.621364593505859375 39.36380767822265625 39.3468780517578125 38.0006866455078125 36.72979736328125 35.62335205078125 34.642852783203125 33.7820892333984375 32.068267822265625 30.605457305908203125 29.479005813598632812 28.6578521728515625 28.14173126220703125 27.982593536376953125 28.012834548950195312 28.232295989990234375 28.627008438110351562 29.186819076538085938 29.94427490234375 30.91136932373046875 32.08548736572265625 33.42227935791015625 34.89679718017578125 36.699352264404296875
37.0670013427734375 37.735332489013671875 38.296413421630859375 38.924495697021484375 39.6495819091796875 40.444293975830078125 41.323436737060546875 41.2106475830078125 41.065959930419921875 40.97211456298828125 40.913768768310546875 40.891693115234375 41.07633209228515625 41.303497314453125 41.61435699462890625 42.000049591064453125 42.457218170166015625 41.268802642822265625 40.36048126220703125 39.7574005126953125 39.430286407470703125 39.350536346435546875 38.467693328857421875 37.661357879638671875 36.9317474365234375 36.30338287353515625 35.7523193359375 33.6423492431640625 31.828214645385742188 30.3903961181640625 29.324382781982421875 28.62368011474609375 28.304838180541992188 28.190402984619140625 28.2942352294921875 28.57625579833984375 29.02777099609375 29.694639205932617188 30.60445404052734375 31.738313674926757812 33.043365478515625 34.49983978271484375 36.13226318359375
37.1770477294921875 38.09647369384765625 38.488346099853515625 38.939453125 39.448394775390625 40.033355712890625 40.699398040771484375 40.681781768798828125 40.670379638671875 40.7128448486328125 40.787872314453125 40.939014434814453125 41.164447784423828125 41.473033905029296875 41.8573150634765625 42.358982086181640625 42.96115875244140625 41.644321441650390625 40.616161346435546875 39.91278839111328125 39.51947021484375 39.36309051513671875 38.9756317138671875 38.648143768310546875 38.36026763916015625 38.157115936279296875 38.01975250244140625 35.489109039306640625 33.2385711669921875 31.445615768432617188 30.105215072631835938 29.226247787475585938 28.706224441528320312 28.433599472045898438 28.399631500244140625 28.56752777099609375 28.931287765502929688 29.503986358642578125 30.34545135498046875 31.427957534790039062 32.702178955078125 34.1405029296875 35.592067718505859375
37.317676544189453125 38.509426116943359375 38.727901458740234375 38.9679107666015625 39.287197113037109375 39.6513214111328125 40.10619354248046875 40.18608856201171875 40.3001556396484375 40.47429656982421875 40.721889495849609375 41.058391571044921875 41.337810516357421875 41.693096160888671875 42.164539337158203125 42.765178680419921875 43.51251220703125 42.052051544189453125 40.87451171875 40.080810546875 39.618824005126953125 39.421222686767578125 39.495342254638671875 39.65406036376953125 39.9074859619140625 40.193042755126953125 40.551219940185546875 37.550167083740234375 34.860355377197265625 32.681507110595703125 31.038877487182617188 29.963054656982421875 29.209400177001953125 28.75000762939453125 28.562671661376953125 28.620677947998046875 28.8996429443359375 29.367200851440429688 30.134729385375976562 31.150421142578125 32.39403533935546875 33.811031341552734375 35.09468841552734375
