DatosClimaticos/DatosMaxEnt/2023/BIO12_2023.asc
ncols        206
nrows        206
xllcorner    -76.208333333333
yllcorner    4.492353333333
cellsize     0.008330000000
NODATA_value -9999
[rows 176 to 197 of 206, columns 50 to 99 of 206]
1900.0999755859375 1901.300048828125 1902.5 1931.699951171875 1961.800048828125 1991.9000244140625 2021.9000244140625 2051.89990234375 2061.60009765625 2070.699951171875 2079.89990234375 2089.10009765625 2098.39990234375 2111.699951171875 2125 2138.5 2151.800048828125 2165.10009765625 2163.300048828125 2161.5 2159.199951171875 2157.199951171875 2155 2133.89990234375 2112.39990234375 2090.39990234375 2068.60009765625 2047.199951171875 1993.0999755859375 1937.800048828125 1882.5 1827.199951171875 1771.9000244140625 1720.199951171875 1668.699951171875 1617.0999755859375 1565.5 1514 1473.4000244140625 1433.0999755859375 1393.199951171875 1352.5999755859375 1312.4000244140625 1291.699951171875 1271.699951171875 1251.4000244140625 1231.5999755859375 1211.300048828125 1212 1213.699951171875
1894.5999755859375 1894.5 1894.699951171875 1925.800048828125 1957.4000244140625 1989.199951171875 2021 2052.800048828125 2058.39990234375 2063.699951171875 2068.60009765625 2073.89990234375 2078.89990234375 2096.10009765625 2113.89990234375 2131.60009765625 2149.199951171875 2167 2162.60009765625 2157.39990234375 2152.39990234375 2147.60009765625 2142.60009765625 2122 2100.800048828125 2079.39990234375 2058.39990234375 2037.300048828125 1990.4000244140625 1942.9000244140625 1895.300048828125 1847.5 1799.9000244140625 1749.800048828125 1699.800048828125 1649.699951171875 1599.5 1549.300048828125 1504.0999755859375 1459.4000244140625 1414.5 1369.5999755859375 1324.800048828125 1299.5 1274.800048828125 1250.300048828125 1225.5 1201.0999755859375 1205.699951171875 1211.4000244140625
1893.5 1892.199951171875 1891 1920.0999755859375 1949.9000244140625 1979.5 2009 2039 2048.199951171875 2057.199951171875 2066 2074.89990234375 2083.60009765625 2100.10009765625 2116.89990234375 2133.800048828125 2150.199951171875 2166.89990234375 2164.199951171875 2160.60009765625 2157.60009765625 2154.300048828125 2150.699951171875 2129.60009765625 2107.60009765625 2085.699951171875 2063.800048828125 2041.800048828125 1996.199951171875 1949.699951171875 1903.0999755859375 1856.300048828125 1809.699951171875 1760.800048828125 1712.0999755859375 1663.300048828125 1614.300048828125 1565.300048828125 1516.5999755859375 1468.300048828125 1419.199951171875 1370.5999755859375 1321.800048828125 1297.300048828125 1273.800048828125 1250.199951171875 1226.699951171875 1202.9000244140625 1206.4000244140625 1210.4000244140625
1892.699951171875 1890.300048828125 1887.699951171875 1914.5 1941.9000244140625 1969.4000244140625 1996.5 2024.0999755859375 2037.5 2050.699951171875 2064.199951171875 2077.300048828125 2090.5 2105.800048828125 2121.10009765625 2136.60009765625 2151.800048828125 2167 2166.10009765625 2164.800048828125 2163.39990234375 2162 2160.60009765625 2138.60009765625 2116 2093.39990234375 2070.60009765625 2048 2002.5999755859375 1956.4000244140625 1910.0999755859375 1864.0999755859375 1817.9000244140625 1770.5 1723 1675.4000244140625 1627.9000244140625 1580.0999755859375 1527.800048828125 1475.300048828125 1422.800048828125 1370.199951171875 1317.800048828125 1294.4000244140625 1272.5 1250.300048828125 1228.300048828125 1206.300048828125 1207.4000244140625 1209.300048828125
-9999 -9999 -9999 -9999 -9999 -9999 1984 2008.9000244140625 2026.699951171875 2044.4000244140625 2062 2079.60009765625 2097.199951171875 2111.39990234375 2125.199951171875 2139.10009765625 2153.300048828125 2167 2168 2168.800048828125 2169.39990234375 2169.89990234375 2170.300048828125 2147.800048828125 2124.199951171875 2100.800048828125 2077.60009765625 2054.10009765625 2008.800048828125 1963.199951171875 1917.5 1871.9000244140625 1826.4000244140625 1780 1733.9000244140625 1687.5999755859375 1641.4000244140625 1595.199951171875 1538.9000244140625 1482.5999755859375 1426.4000244140625 1369.800048828125 1313.4000244140625 1291.5 1271.0999755859375 1250.5 1230.0999755859375 1209.5 1208.5 1208.300048828125
-9999 -9999 -9999 -9999 -9999 1948.800048828125 1971.5999755859375 1994.199951171875 2016.300048828125 2038.0999755859375 2060 2082 2103.89990234375 2116.699951171875 2129.300048828125 2142 2154.5 2167.199951171875 2170.10009765625 2172.60009765625 2175.10009765625 2177.699951171875 2180.39990234375 2157 2132.89990234375 2108.39990234375 2084.10009765625 2059.89990234375 2015.5999755859375 1970.300048828125 1925.0999755859375 1879.800048828125 1834.800048828125 1789.9000244140625 1744.800048828125 1699.9000244140625 1654.699951171875 1609.699951171875 1550.0999755859375 1490 1429.5999755859375 1369.5 1309.5 1288.800048828125 1269.800048828125 1250.800048828125 1231.699951171875 1212.5999755859375 1209.699951171875 1207.300048828125
-9999 -9999 -9999 -9999 -9999 1938.5999755859375 1958.9000244140625 1979.300048828125 2005.4000244140625 2031.699951171875 2058 2084.699951171875 2110.699951171875 2122.5 2133.60009765625 2144.89990234375 2155.89990234375 2167.199951171875 2171.89990234375 2176.5 2181.199951171875 2185.699951171875 2190.199951171875 2166 2140.89990234375 2115.800048828125 2091 2065.699951171875 2021.699951171875 1976.9000244140625 1932.199951171875 1887.5 1842.9000244140625 1799.199951171875 1755.5 1712 1668.199951171875 1624.5 1561.199951171875 1497.199951171875 1433.199951171875 1369.199951171875 1305.0999755859375 1286 1268.5 1251 1233.300048828125 1215.699951171875 1210.9000244140625 1206.199951171875
-9999 -9999 -9999 -9999 -9999 -9999 1953 1973.0999755859375 2002.199951171875 2031.300048828125 2060.60009765625 2089.89990234375 2119.10009765625 2126.300048828125 2132.800048828125 2139.39990234375 2146 2152.89990234375 2158.800048828125 2164.89990234375 2171 2176.89990234375 2183.10009765625 2158.800048828125 2133.800048828125 2108.5 2083.5 2058.10009765625 2015.4000244140625 1972 1928.199951171875 1885 1841.699951171875 1800.300048828125 1758.699951171875 1717.4000244140625 1675.5999755859375 1634.4000244140625 1572.5 1509.699951171875 1447.0999755859375 1384.300048828125 1321.699951171875 1301.699951171875 1283.300048828125 1265.0999755859375 1247.0999755859375 1228.800048828125 1223.199951171875 1218.4000244140625
-9999 -9999 -9999 -9999 -9999 -9999 1948 1967.800048828125 1999.5999755859375 2031.4000244140625 2063.39990234375 2095.5 2127.39990234375 2130.10009765625 2131.800048828125 2133.5 2135.300048828125 2137.10009765625 2144.5 2152 2159.60009765625 2167.10009765625 2174.5 2150.39990234375 2125.10009765625 2099.89990234375 2074.699951171875 2049.39990234375 2008.0999755859375 1965.800048828125 1923.800048828125 1881.5999755859375 1839.5999755859375 1800.4000244140625 1761.0999755859375 1722 1682.800048828125 1643.9000244140625 1583.5 1522.800048828125 1461.699951171875 1400.699951171875 1339.5999755859375 1318.699951171875 1299.800048828125 1280.5999755859375 1261.4000244140625 1242.4000244140625 1236.800048828125 1231.4000244140625
-9999 -9999 -9999 -9999 -9999 -9999 1942.800048828125 1962.300048828125 1996.9000244140625 2031.5 2066.300048828125 2101 2135.800048828125 2133.699951171875 2130.60009765625 2127.5 2124.5 2121.5 2130.199951171875 2139.300048828125 2148.199951171875 2157.39990234375 2166.199951171875 2142 2116.39990234375 2091.300048828125 2066 2040.5999755859375 2000.300048828125 1959.800048828125 1919 1878.199951171875 1837.5 1800.699951171875 1763.5999755859375 1726.699951171875 1690.199951171875 1653.199951171875 1594.699951171875 1535.4000244140625 1476 1416.9000244140625 1357.699951171875 1336.0999755859375 1316.199951171875 1296.0999755859375 1276 1256 1250.0999755859375 1244.699951171875
-9999 -9999 -9999 -9999 -9999 -9999 1937.5999755859375 1956.800048828125 1994.0999755859375 2031.5999755859375 2069 2106.800048828125 2144.199951171875 2137.5 2129.699951171875 2121.60009765625 2113.800048828125 2105.699951171875 2116 2126.39990234375 2136.800048828125 2147.39990234375 2157.800048828125 2133.5 2108.10009765625 2082.60009765625 2057.300048828125 2031.800048828125 1992.699951171875 1953.5999755859375 1914.300048828125 1874.800048828125 1835.300048828125 1800.5999755859375 1766 1731.699951171875 1697.199951171875 1662.699951171875 1605.800048828125 1548.199951171875 1490.800048828125 1433.0999755859375 1375.699951171875 1353.300048828125 1332.300048828125 1311.5 1290.5999755859375 1269.699951171875 1263.300048828125 1257.800048828125
-9999 -9999 -9999 -9999 -9999 -9999 1932.4000244140625 1951.699951171875 1991.199951171875 2031.5999755859375 2071.89990234375 2112.300048828125 2152.699951171875 2141.199951171875 2128.5 2115.699951171875 2103.10009765625 2090.39990234375 2101.5 2113.5 2125.699951171875 2137.5 2149.39990234375 2125 2099.60009765625 2074.300048828125 2048.60009765625 2023.199951171875 1985.699951171875 1947.4000244140625 1909.4000244140625 1871.300048828125 1833.300048828125 1800.699951171875 1768.5999755859375 1736.5999755859375 1704.300048828125 1672.0999755859375 1617 1561.300048828125 1505.199951171875 1449.300048828125 1393.699951171875 1370.699951171875 1348.800048828125 1326.699951171875 1305 1283.300048828125 1276.800048828125 1270.800048828125
-9999 -9999 -9999 -9999 -9999 -9999 1918.699951171875 1937.800048828125 1975.199951171875 2013.300048828125 2051.300048828125 2089.300048828125 2127.60009765625 2121.300048828125 2113.800048828125 2106.10009765625 2098.800048828125 2091.10009765625 2099.300048828125 2107.5 2115.89990234375 2124.199951171875 2132.5 2109 2084.699951171875 2060.300048828125 2035.800048828125 2011.5 1974.0999755859375 1936.5999755859375 1899 1861.199951171875 1823.5999755859375 1786.0999755859375 1748.800048828125 1711.5 1674.199951171875 1636.699951171875 1591.300048828125 1545.4000244140625 1499.699951171875 1453.699951171875 1407.9000244140625 1391 1375.0999755859375 1359.300048828125 1343.5 1327.699951171875 1324.5 1321.9000244140625
-9999 -9999 -9999 -9999 -9999 -9999 1904.5999755859375 1922.9000244140625 1958.199951171875 1993.5999755859375 2028.9000244140625 2064.5 2099.800048828125 2099.39990234375 2097.89990234375 2096.5 2094.89990234375 2093.60009765625 2097.699951171875 2102.199951171875 2106.5 2110.89990234375 2114.89990234375 2092.699951171875 2069.39990234375 2046 2022.699951171875 1999.5 1962.4000244140625 1925.300048828125 1888.199951171875 1850.699951171875 1813.5 1770.5999755859375 1727.300048828125 1684.199951171875 1641.300048828125 1597.699951171875 1562.4000244140625 1527.4000244140625 1492.300048828125 1457.0999755859375 1421.9000244140625 1411.5999755859375 1402.5999755859375 1393.300048828125 1383.699951171875 1374.5999755859375 1374.800048828125 1375.5999755859375
1816.0999755859375 1817.0999755859375 1817.9000244140625 1835.9000244140625 1853.9000244140625 1872.0999755859375 1890.4000244140625 1908.5 1940.800048828125 1973.800048828125 2006.4000244140625 2039.199951171875 2072.199951171875 2077.39990234375 2082 2086.800048828125 2091.300048828125 2096.10009765625 2096.300048828125 2096.800048828125 2097.10009765625 2097.300048828125 2097.300048828125 2076.10009765625 2053.89990234375 2031.5999755859375 2009.5 1987.4000244140625 1951 1914.0999755859375 1877.199951171875 1840.199951171875 1803.4000244140625 1754.800048828125 1705.9000244140625 1657 1608.0999755859375 1558.9000244140625 1533.800048828125 1509.4000244140625 1484.699951171875 1460.4000244140625 1435.9000244140625 1432.4000244140625 1429.699951171875 1427.0999755859375 1424.0999755859375 1421.4000244140625 1425.4000244140625 1429.699951171875
1804.9000244140625 1805 1804.699951171875 1822.4000244140625 1840.199951171875 1858.0999755859375 1876 1893.800048828125 1923.699951171875 1953.800048828125 1984 2014.0999755859375 2044.300048828125 2055.5 2066.199951171875 2077.10009765625 2087.60009765625 2098 2094.89990234375 2091.10009765625 2087.60009765625 2083.89990234375 2080.10009765625 2059.60009765625 2038.4000244140625 2017.4000244140625 1996.5999755859375 1975.5999755859375 1939.300048828125 1902.699951171875 1866.199951171875 1829.800048828125 1793.0999755859375 1739 1684.300048828125 1629.5999755859375 1575 1520.199951171875 1504.800048828125 1491.199951171875 1477.5 1463.699951171875 1450 1453.300048828125 1457 1460.699951171875 1464.699951171875 1468.4000244140625 1475.800048828125 1483.5
1793.5999755859375 1792.4000244140625 1791.699951171875 1808.9000244140625 1826.4000244140625 1843.9000244140625 1861.5 1879.0999755859375 1906.300048828125 1934 1961.5999755859375 1988.9000244140625 2016.5999755859375 2033.5 2050.39990234375 2067 2083.800048828125 2100.5 2093.60009765625 2085.699951171875 2078 2070.300048828125 2062.699951171875 2042.9000244140625 2023 2003.300048828125 1983.300048828125 1963.300048828125 1927.699951171875 1891.5 1855.5 1819.0999755859375 1783.0999755859375 1723.4000244140625 1662.699951171875 1602.5999755859375 1541.9000244140625 1481.300048828125 1476.4000244140625 1473.199951171875 1470.199951171875 1467.0999755859375 1463.9000244140625 1474 1484.0999755859375 1494.5999755859375 1504.699951171875 1515.0999755859375 1526.300048828125 1537.5999755859375
1786.4000244140625 1788 1789.5 1804.0999755859375 1819.0999755859375 1833.800048828125 1848.800048828125 1863.9000244140625 1889.5 1915.300048828125 1941.5 1967.5 1993.5999755859375 2013.5 2033.5999755859375 2053.800048828125 2073.800048828125 2093.800048828125 2085.199951171875 2075.89990234375 2066.39990234375 2057.39990234375 2047.800048828125 2022.300048828125 1996.199951171875 1970.199951171875 1944.199951171875 1918 1879.199951171875 1840.199951171875 1801 1761.800048828125 1722.699951171875 1675.0999755859375 1627.300048828125 1579.4000244140625 1531.4000244140625 1483.5999755859375 1482.0999755859375 1482.300048828125 1482.5 1482.699951171875 1482.699951171875 1498 1513.5999755859375 1529.0999755859375 1544.800048828125 1560.300048828125 1562.300048828125 1563.5
1780.0999755859375 1784.0999755859375 1788.199951171875 1800 1812.0999755859375 1824.300048828125 1836.300048828125 1848.300048828125 1872.800048828125 1897 1921.5 1946.300048828125 1970.800048828125 1993.800048828125 2017 2040.199951171875 2063 2086.199951171875 2076.39990234375 2065.60009765625 2054.800048828125 2043.9000244140625 2033.4000244140625 2001.0999755859375 1968.300048828125 1935.5 1902.699951171875 1870 1827.800048828125 1785.5 1742.9000244140625 1700.5999755859375 1658.199951171875 1624.199951171875 1590.5 1556.5999755859375 1523.0999755859375 1489.199951171875 1491 1493.699951171875 1496.5 1499.300048828125 1502.0999755859375 1522 1543.0999755859375 1563.9000244140625 1584.5999755859375 1605.5999755859375 1597.199951171875 1587.300048828125
1773.699951171875 1780.199951171875 1786.800048828125 1796 1805.0999755859375 1814.5 1823.5999755859375 1832.9000244140625 1855.699951171875 1878.5999755859375 1901.699951171875 1925 1948 1974 2000.300048828125 2026.300048828125 2052.699951171875 2078.800048828125 2067.800048828125 2055.199951171875 2043.199951171875 2031 2018.9000244140625 1980.199951171875 1940.699951171875 1901 1861.4000244140625 1821.800048828125 1776.5 1730.800048828125 1685.0999755859375 1639.4000244140625 1593.800048828125 1573.4000244140625 1553.5999755859375 1534 1514.5999755859375 1494.9000244140625 1499.5 1505.199951171875 1510.5 1515.9000244140625 1521.4000244140625 1546.699951171875 1572.800048828125 1598.800048828125 1624.699951171875 1650.5999755859375 1632 1611.0999755859375
1767.0999755859375 1776.199951171875 1785.5 1792.199951171875 1798.300048828125 1804.5999755859375 1811.0999755859375 1817.5 1838.9000244140625 1860.199951171875 1881.800048828125 1903.5 1925.199951171875 1954.199951171875 1983.699951171875 2012.699951171875 2042 2071.199951171875 2058.60009765625 2045.199951171875 2031.4000244140625 2018 2004.199951171875 1959 1912.699951171875 1866.4000244140625 1820.0999755859375 1773.699951171875 1724.9000244140625 1676 1627.0999755859375 1578.300048828125 1529.5 1522.4000244140625 1517.0999755859375 1511.699951171875 1506.0999755859375 1500.800048828125 1508.300048828125 1516.5 1524.5999755859375 1532.5999755859375 1540.800048828125 1571 1602.300048828125 1633.4000244140625 1664.5999755859375 1695.9000244140625 1666.800048828125 1635.0999755859375
1760.699951171875 1772.4000244140625 1784.199951171875 1787.9000244140625 1791.300048828125 1795 1798.5 1801.9000244140625 1821.800048828125 1841.9000244140625 1862.199951171875 1882.199951171875 1902.4000244140625 1934.5999755859375 1966.9000244140625 1999 2031.5 2063.60009765625 2050 2035 2020 2004.9000244140625 1989.9000244140625 1938 1884.9000244140625 1831.800048828125 1778.800048828125 1725.5 1673.5 1621.300048828125 1569.199951171875 1517 1464.9000244140625 1471.5999755859375 1480.0999755859375 1489 1497.5 1506.0999755859375 1516.9000244140625 1527.800048828125 1538.5 1549.300048828125 1560.0999755859375 1595.5 1631.9000244140625 1668 1704.4000244140625 1741 1701.300048828125 1658.699951171875
