DatosClimaticos/DatosMaxEnt/2023/BIO16_2023.asc
ncols        206
nrows        206
xllcorner    -76.208333333333
yllcorner    4.492353333333
cellsize     0.008330000000
NODATA_value -9999
[rows 154 to 175 of 206, columns 49 to 97 of 206]
690.29998779296875 694.29998779296875 698.29998779296875 702.0999755859375 718 734.0999755859375 750.20001220703125 767.70001220703125 790.70001220703125 791.4000244140625 791.4000244140625 791.5999755859375 791.79998779296875 791.9000244140625 796.79998779296875 801.70001220703125 806.5999755859375 811.5 816.5 812.5999755859375 808.5999755859375 804.29998779296875 800.29998779296875 796.20001220703125 800.20001220703125 804.4000244140625 808.5999755859375 812.70001220703125 816.9000244140625 811.9000244140625 806.5999755859375 801.29998779296875 795.9000244140625 790.79998779296875 787.0999755859375 783.5999755859375 780 776.5999755859375 773 752.29998779296875 731 710.20001220703125 695.20001220703125 680.0999755859375 665.79998779296875 651.5 637.4000244140625 623 608.79998779296875
691.4000244140625 694.4000244140625 697.5999755859375 700.70001220703125 716.29998779296875 732.20001220703125 748.9000244140625 771.4000244140625 793.79998779296875 793.9000244140625 793.5999755859375 793.0999755859375 792.79998779296875 792.4000244140625 795.79998779296875 799.4000244140625 803 806.70001220703125 810.29998779296875 807.20001220703125 803.70001220703125 800.29998779296875 797 793.5999755859375 797.9000244140625 802.29998779296875 806.79998779296875 811.29998779296875 815.9000244140625 811 806.0999755859375 801.0999755859375 796 791.0999755859375 783.4000244140625 775.79998779296875 768.20001220703125 760.4000244140625 752.70001220703125 735.0999755859375 717.29998779296875 701.70001220703125 689 676.29998779296875 661.20001220703125 646.0999755859375 631 615.9000244140625 600.9000244140625
692.4000244140625 694.70001220703125 697 699.29998779296875 714.5999755859375 731.20001220703125 753.0999755859375 775 796.9000244140625 796.5 795.5999755859375 794.5999755859375 793.70001220703125 792.79998779296875 795.0999755859375 797.29998779296875 799.5999755859375 801.9000244140625 804.20001220703125 801.5999755859375 799 796.20001220703125 793.5999755859375 790.9000244140625 795.5 800.29998779296875 805.0999755859375 810 814.70001220703125 810.20001220703125 805.5999755859375 800.79998779296875 796.0999755859375 791.4000244140625 779.79998779296875 768 756.0999755859375 744.4000244140625 732.5999755859375 718.0999755859375 703.5999755859375 693.20001220703125 682.70001220703125 672.20001220703125 656.5 640.5999755859375 624.70001220703125 608.79998779296875 592.79998779296875
693.29998779296875 694.79998779296875 696.4000244140625 697.9000244140625 714.4000244140625 735.70001220703125 757.20001220703125 778.5999755859375 800 799.0999755859375 797.70001220703125 796.0999755859375 794.5999755859375 793.20001220703125 794.0999755859375 795.0999755859375 796.0999755859375 797.0999755859375 798 796.0999755859375 794.0999755859375 792.20001220703125 790.20001220703125 788.20001220703125 793.0999755859375 798.20001220703125 803.4000244140625 808.5 813.5999755859375 809.5 805.0999755859375 800.5999755859375 796.0999755859375 791.70001220703125 776.0999755859375 760.20001220703125 744.20001220703125 728.20001220703125 712.20001220703125 701 692.79998779296875 684.70001220703125 676.5 668.29998779296875 651.9000244140625 635.20001220703125 618.5 601.79998779296875 585
684.70001220703125 688.5 692.5 696.29998779296875 713.5999755859375 733.70001220703125 753.9000244140625 774.0999755859375 794.29998779296875 795.70001220703125 796.4000244140625 797.29998779296875 798.0999755859375 799.0999755859375 799.9000244140625 800.70001220703125 801.5999755859375 802.5 803.4000244140625 802.29998779296875 801.0999755859375 799.9000244140625 798.70001220703125 797.5 800.29998779296875 803.20001220703125 806.29998779296875 809.20001220703125 812.20001220703125 805.4000244140625 798.4000244140625 791.4000244140625 784.29998779296875 777.29998779296875 761.5999755859375 745.4000244140625 729.29998779296875 713.0999755859375 697 685.5 676.70001220703125 667.70001220703125 658.70001220703125 649.9000244140625 634.70001220703125 619.5 604.0999755859375 588.79998779296875 573.4000244140625
675.4000244140625 681.9000244140625 688.4000244140625 694.9000244140625 712.29998779296875 731.29998779296875 750.20001220703125 769.20001220703125 788 791.79998779296875 795.20001220703125 798.5 801.79998779296875 805.20001220703125 806.0999755859375 807 807.9000244140625 808.5999755859375 809.4000244140625 809.0999755859375 808.79998779296875 808.29998779296875 808 807.5 808.0999755859375 808.79998779296875 809.29998779296875 810 810.5 801.20001220703125 791.4000244140625 781.5999755859375 771.70001220703125 761.9000244140625 746.20001220703125 730.20001220703125 714.20001220703125 698.0999755859375 682.20001220703125 670 660.0999755859375 650.29998779296875 640.29998779296875 630.4000244140625 616.70001220703125 602.9000244140625 589.20001220703125 575.4000244140625 561.5999755859375
666 675.20001220703125 684.20001220703125 693.4000244140625 711.0999755859375 728.70001220703125 746.4000244140625 764.0999755859375 781.79998779296875 787.9000244140625 793.79998779296875 799.70001220703125 805.4000244140625 811.4000244140625 812.29998779296875 813.0999755859375 813.9000244140625 814.79998779296875 815.5 816 816.4000244140625 816.79998779296875 817.20001220703125 817.5 815.9000244140625 814.20001220703125 812.5999755859375 810.9000244140625 809.0999755859375 796.9000244140625 784.29998779296875 771.79998779296875 759.20001220703125 746.70001220703125 730.79998779296875 714.9000244140625 699.0999755859375 683.20001220703125 667.20001220703125 654.4000244140625 643.5999755859375 632.5999755859375 621.79998779296875 610.9000244140625 598.79998779296875 586.5 574.4000244140625 562.0999755859375 549.79998779296875
656.70001220703125 668.5 680.20001220703125 693.4000244140625 709.79998779296875 726.4000244140625 742.70001220703125 759.20001220703125 775.5 784.0999755859375 792.4000244140625 800.79998779296875 809.20001220703125 817.5999755859375 818.5999755859375 819.29998779296875 820.20001220703125 820.9000244140625 821.5999755859375 822.9000244140625 824.0999755859375 825.20001220703125 826.5 827.5999755859375 823.70001220703125 819.70001220703125 815.70001220703125 811.5999755859375 807.70001220703125 792.70001220703125 777.4000244140625 761.9000244140625 746.5999755859375 731.20001220703125 715.5 699.70001220703125 684 668.0999755859375 652.4000244140625 638.79998779296875 627 615.0999755859375 603.29998779296875 591.5999755859375 580.79998779296875 570 559.29998779296875 548.70001220703125 538
647.4000244140625 661.79998779296875 676.0999755859375 693.4000244140625 708.5999755859375 723.79998779296875 738.9000244140625 754.0999755859375 769.29998779296875 780.29998779296875 791 802 812.9000244140625 823.70001220703125 824.79998779296875 825.5 826.20001220703125 826.9000244140625 827.70001220703125 829.70001220703125 831.79998779296875 833.70001220703125 835.70001220703125 837.70001220703125 831.5 825.29998779296875 818.79998779296875 812.5 806.0999755859375 788.29998779296875 770.20001220703125 752.0999755859375 734 715.9000244140625 700.20001220703125 684.5 668.79998779296875 653.0999755859375 637.5 623.20001220703125 610.4000244140625 597.70001220703125 584.9000244140625 572 562.79998779296875 553.5999755859375 544.5 535.4000244140625 526.0999755859375
643 656.79998779296875 670.5999755859375 688.9000244140625 705.20001220703125 721.20001220703125 737.29998779296875 753.5 769.5 780.4000244140625 791 801.70001220703125 812.4000244140625 823 822.70001220703125 822 821.29998779296875 820.5999755859375 820 822.0999755859375 824.4000244140625 826.5999755859375 828.9000244140625 831.0999755859375 824.79998779296875 818.29998779296875 811.70001220703125 805.0999755859375 798.5999755859375 780 761 742.20001220703125 723.20001220703125 704.29998779296875 687.0999755859375 670 652.9000244140625 635.9000244140625 621.0999755859375 608.5 595.9000244140625 583.29998779296875 570.70001220703125 558.0999755859375 549 539.79998779296875 530.70001220703125 521.5 512.5
639 651.9000244140625 666.9000244140625 684.20001220703125 701.4000244140625 718.79998779296875 735.9000244140625 753.0999755859375 770.5 780.9000244140625 791.0999755859375 801.4000244140625 811.5999755859375 821.9000244140625 820 817.79998779296875 815.5999755859375 813.4000244140625 811.0999755859375 813.5 816 818.4000244140625 820.9000244140625 823.4000244140625 817 810.5999755859375 803.9000244140625 797.4000244140625 790.70001220703125 771.5 751.79998779296875 732.0999755859375 712.5 692.70001220703125 674.20001220703125 655.5999755859375 637 620.0999755859375 606.20001220703125 594 581.5999755859375 569.4000244140625 557 544.70001220703125 535.4000244140625 526.20001220703125 517 507.79998779296875 498.600006103515625
634.9000244140625 649.5 664.5 679.5 697.79998779296875 716.20001220703125 734.5 752.9000244140625 771.20001220703125 781.20001220703125 791.20001220703125 800.9000244140625 810.9000244140625 820.5999755859375 817.29998779296875 813.5 809.79998779296875 806 802.29998779296875 804.79998779296875 807.5 810.20001220703125 812.9000244140625 815.5999755859375 809.29998779296875 802.79998779296875 796.20001220703125 789.5 782.9000244140625 762.9000244140625 742.5 722.20001220703125 701.79998779296875 681.4000244140625 661.20001220703125 641 621 605.5999755859375 591.4000244140625 579.4000244140625 567.29998779296875 555.29998779296875 543.29998779296875 531.29998779296875 521.9000244140625 512.5999755859375 503.399993896484375 494.100006103515625 484.899993896484375
636.70001220703125 649.5 662.0999755859375 674.70001220703125 694.0999755859375 713.5 733.0999755859375 752.5999755859375 772.0999755859375 781.79998779296875 791.20001220703125 800.70001220703125 810.0999755859375 819.5999755859375 814.5999755859375 809.29998779296875 804.0999755859375 798.79998779296875 793.5 796.0999755859375 799.0999755859375 802 804.9000244140625 807.9000244140625 801.5999755859375 795 788.20001220703125 781.5999755859375 775 754.4000244140625 733.29998779296875 712.20001220703125 690.9000244140625 669.9000244140625 648.29998779296875 626.5999755859375 605.9000244140625 591.20001220703125 576.5 564.70001220703125 552.9000244140625 541.29998779296875 529.5999755859375 517.79998779296875 508.399993896484375 499 489.70001220703125 480.29998779296875 470.899993896484375
639.0999755859375 649.5 659.79998779296875 670 690.4000244140625 711 731.5999755859375 752.20001220703125 772.9000244140625 782.20001220703125 791.20001220703125 800.20001220703125 809.29998779296875 818.29998779296875 812 805.0999755859375 798.4000244140625 791.4000244140625 784.5999755859375 787.5999755859375 790.70001220703125 793.79998779296875 797 800.0999755859375 793.70001220703125 787.0999755859375 780.4000244140625 773.79998779296875 767.0999755859375 745.70001220703125 724 702.0999755859375 680.29998779296875 658.5 635.29998779296875 612.20001220703125 591.9000244140625 576.79998779296875 561.70001220703125 550.20001220703125 538.70001220703125 527.20001220703125 515.70001220703125 504.29998779296875 494.79998779296875 485.399993896484375 475.899993896484375 466.5 457.100006103515625
636.29998779296875 646.0999755859375 655.79998779296875 665.5999755859375 684.29998779296875 703.20001220703125 722.0999755859375 740.9000244140625 759.70001220703125 769.29998779296875 778.70001220703125 788.0999755859375 797.4000244140625 806.79998779296875 801.5999755859375 796.0999755859375 790.5999755859375 785.29998779296875 779.70001220703125 783.5 787.5 791.4000244140625 795.5 799.5 792.4000244140625 785 777.4000244140625 770 762.5 740.5 718.20001220703125 695.70001220703125 673.29998779296875 650.9000244140625 626.5999755859375 602.29998779296875 582.0999755859375 565.5999755859375 549.20001220703125 539.4000244140625 529.79998779296875 520.29998779296875 510.79998779296875 501.29998779296875 490.899993896484375 480.5 470 459.5 449.20001220703125
633.20001220703125 642.5 651.9000244140625 661.29998779296875 678.0999755859375 695 711.9000244140625 728.79998779296875 745.5999755859375 755.70001220703125 765.29998779296875 775 784.70001220703125 794.29998779296875 790.79998779296875 786.9000244140625 782.9000244140625 779 775 779.70001220703125 784.5999755859375 789.5999755859375 794.5999755859375 799.5 791.5 783.0999755859375 774.79998779296875 766.4000244140625 758 735.5 712.5999755859375 689.5999755859375 666.5999755859375 643.70001220703125 618.29998779296875 592.79998779296875 572.79998779296875 554.79998779296875 536.70001220703125 528.9000244140625 521.5 514.0999755859375 506.70001220703125 499.20001220703125 487.79998779296875 476.20001220703125 464.70001220703125 453.100006103515625 441.70001220703125
630 638.9000244140625 647.9000244140625 656.79998779296875 671.79998779296875 686.70001220703125 701.70001220703125 716.70001220703125 731.70001220703125 741.79998779296875 751.9000244140625 761.9000244140625 772 782.0999755859375 780 777.5999755859375 775.0999755859375 772.79998779296875 770.4000244140625 775.9000244140625 781.9000244140625 787.79998779296875 793.5999755859375 799.4000244140625 790.5999755859375 781.4000244140625 772.0999755859375 762.9000244140625 753.5999755859375 730.5999755859375 707 683.4000244140625 660 636.4000244140625 609.9000244140625 583.29998779296875 563.4000244140625 543.79998779296875 524.20001220703125 518.29998779296875 513 507.70001220703125 502.29998779296875 497 484.600006103515625 472 459.399993896484375 446.70001220703125 434
626.70001220703125 635.29998779296875 643.9000244140625 652.5 665.5 678.5 691.5 704.5999755859375 717.5999755859375 728 738.4000244140625 748.9000244140625 759.29998779296875 769.70001220703125 769.0999755859375 768.29998779296875 767.4000244140625 766.5999755859375 765.70001220703125 772.20001220703125 779.0999755859375 785.79998779296875 792.5999755859375 799.5 789.79998779296875 779.5999755859375 769.4000244140625 759.4000244140625 749.20001220703125 725.5 701.4000244140625 677.4000244140625 653.20001220703125 629.20001220703125 601.5999755859375 575.20001220703125 554.0999755859375 532.9000244140625 511.70001220703125 507.899993896484375 504.70001220703125 501.399993896484375 498.100006103515625 494.70001220703125 481.5 467.70001220703125 454 440.20001220703125 426.399993896484375
623.5999755859375 631.79998779296875 640 648.20001220703125 659.20001220703125 670.20001220703125 681.29998779296875 692.4000244140625 703.5999755859375 714.4000244140625 725.0999755859375 735.9000244140625 746.5999755859375 757.4000244140625 758.20001220703125 758.9000244140625 759.70001220703125 760.29998779296875 761 768.5999755859375 776.29998779296875 784 791.5999755859375 799.4000244140625 788.9000244140625 777.9000244140625 766.79998779296875 755.79998779296875 744.79998779296875 720.5999755859375 695.9000244140625 671.20001220703125 646.5999755859375 621.9000244140625 593.20001220703125 567.4000244140625 544.5999755859375 522 499.399993896484375 497.5 496.100006103515625 495 493.79998779296875 495.399993896484375 478.20001220703125 463.5 448.600006103515625 433.79998779296875 419
619.5999755859375 628.4000244140625 637.20001220703125 646 658 670.20001220703125 682.4000244140625 694.5 706.5999755859375 715.5 724.4000244140625 733.5 742.4000244140625 751.29998779296875 753.4000244140625 755.4000244140625 757.5 759.4000244140625 761.29998779296875 767.0999755859375 773.0999755859375 779 784.9000244140625 790.79998779296875 782 772.79998779296875 763.5999755859375 754.5 745.20001220703125 723 700.5999755859375 678.20001220703125 655.5999755859375 633.0999755859375 606 578.70001220703125 552.9000244140625 532.29998779296875 511.600006103515625 507.20001220703125 503.29998779296875 499.5 495.70001220703125 494.20001220703125 477 461.899993896484375 446.70001220703125 431.600006103515625 416.399993896484375
615.4000244140625 625 634.5 644.0999755859375 657.29998779296875 670.70001220703125 684.0999755859375 697.4000244140625 710.79998779296875 717.9000244140625 724.9000244140625 731.9000244140625 738.79998779296875 745.79998779296875 749 752.29998779296875 755.5999755859375 758.70001220703125 762 765.9000244140625 769.79998779296875 773.70001220703125 777.70001220703125 781.5999755859375 774.70001220703125 767.5999755859375 760.29998779296875 753.20001220703125 746.0999755859375 726.29998779296875 706.20001220703125 685.9000244140625 665.79998779296875 645.5999755859375 620.29998779296875 594.79998779296875 569.20001220703125 544.0999755859375 525.70001220703125 518.5 511.600006103515625 504.79998779296875 497.79998779296875 492.79998779296875 475.899993896484375 460.600006103515625 445 429.70001220703125 414.20001220703125
611.5 621.70001220703125 631.79998779296875 642 656.5999755859375 671.29998779296875 685.79998779296875 700.4000244140625 715.20001220703125 720.29998779296875 725.29998779296875 730.20001220703125 735.20001220703125 740.0999755859375 744.5999755859375 749.20001220703125 753.70001220703125 758.20001220703125 762.70001220703125 764.79998779296875 766.70001220703125 768.5999755859375 770.4000244140625 772.29998779296875 767.4000244140625 762.29998779296875 757.20001220703125 752 746.9000244140625 729.5 711.5999755859375 693.79998779296875 675.9000244140625 658.20001220703125 634.5999755859375 610.79998779296875 587.0999755859375 563.4000244140625 539.9000244140625 529.79998779296875 520 510.29998779296875 500.79998779296875 491.20001220703125 474.79998779296875 459.100006103515625 443.399993896484375 427.600006103515625 412
