DatosClimaticos/DatosMaxEnt/2023/BIO12_2023.asc
ncols        206
nrows        206
xllcorner    -76.208333333333
yllcorner    4.492353333333
cellsize     0.008330000000
NODATA_value -9999
[rows 110 to 131 of 206, columns 0 to 49 of 206]
3680.300048828125 3680.300048828125 3680.300048828125 3596.800048828125 3513.10009765625 3429.5 3346.10009765625 3262.199951171875 3173.800048828125 3084.89990234375 2996.10009765625 2907.5 2818.5 2720.800048828125 2623 2525 2427.199951171875 2329 2371.60009765625 2415 2458.5 2502.10009765625 2545.300048828125 2599.199951171875 2653.39990234375 2707.60009765625 2761.60009765625 2815.60009765625 2792.699951171875 2768.699951171875 2745 2721.300048828125 2697.39990234375 2631.800048828125 2565.300048828125 2498.89990234375 2432.39990234375 2366 2365.5 2366.39990234375 2366.60009765625 2367.60009765625 2367.89990234375 2365.800048828125 2363.60009765625 2361.39990234375 2359 2356.699951171875 2343.89990234375 2331
3520.60009765625 3520.60009765625 3520.60009765625 3429.199951171875 3337.800048828125 3246.300048828125 3154.800048828125 3063.60009765625 3011.800048828125 2960.10009765625 2908.60009765625 2857 2805.39990234375 2724 2642.699951171875 2561.300048828125 2479.699951171875 2398.300048828125 2433.89990234375 2470.699951171875 2507.5 2544.10009765625 2580.699951171875 2621.5 2662.39990234375 2703 2744 2784.800048828125 2746.800048828125 2708.10009765625 2669 2630.39990234375 2591.800048828125 2546.199951171875 2500.800048828125 2455.5 2410.10009765625 2364.699951171875 2365 2366 2366.89990234375 2368 2368.89990234375 2366.199951171875 2363.39990234375 2360.5 2357.800048828125 2355.10009765625 2341.60009765625 2328.199951171875
3360.5 3360.5 3360.5 3261.60009765625 3162.300048828125 3063.10009765625 2963.5 2864.5 2849.699951171875 2835.39990234375 2821.199951171875 2806.60009765625 2792.10009765625 2727.199951171875 2662.199951171875 2597.199951171875 2532.300048828125 2467.199951171875 2496.5 2526.5 2556.199951171875 2586.199951171875 2616.10009765625 2643.60009765625 2671.199951171875 2698.60009765625 2726.199951171875 2753.89990234375 2700.89990234375 2647.300048828125 2593.39990234375 2539.5 2485.800048828125 2461 2436.699951171875 2412.199951171875 2387.89990234375 2363.199951171875 2364.39990234375 2365.699951171875 2367 2368.5 2369.60009765625 2366.300048828125 2363.10009765625 2359.60009765625 2356.39990234375 2353.10009765625 2339.199951171875 2325.199951171875
3436.89990234375 3436.89990234375 3436.89990234375 3322.199951171875 3207.60009765625 3092.699951171875 2978 2863.199951171875 2848.800048828125 2835.10009765625 2821.60009765625 2807.5 2793.800048828125 2732.10009765625 2670.199951171875 2608.5 2546.300048828125 2484.5 2504.39990234375 2525.10009765625 2545.60009765625 2566.199951171875 2586.89990234375 2606.89990234375 2626.800048828125 2646.60009765625 2666.800048828125 2686.699951171875 2642 2596.800048828125 2551.39990234375 2505.89990234375 2460.39990234375 2447.199951171875 2434.300048828125 2421.5 2408.60009765625 2395.89990234375 2385 2374.300048828125 2363.39990234375 2352.5 2342 2337.5 2333.10009765625 2328.89990234375 2324.5 2320 2315.199951171875 2310.5
3524.5 3524.5 3524.5 3393.699951171875 3263.10009765625 3132.39990234375 3001.89990234375 2871.10009765625 2855.699951171875 2840.89990234375 2826 2810.89990234375 2795.89990234375 2736.89990234375 2677.60009765625 2618.199951171875 2558.60009765625 2499.199951171875 2509.89990234375 2521.199951171875 2532.199951171875 2543.39990234375 2554.699951171875 2567.10009765625 2579.699951171875 2592.300048828125 2605.199951171875 2617.89990234375 2582.300048828125 2546.5 2510.800048828125 2474.89990234375 2439 2436.699951171875 2435.10009765625 2433.199951171875 2431.800048828125 2429.800048828125 2406.5 2383.199951171875 2359.699951171875 2336.10009765625 2312.60009765625 2307.10009765625 2301.699951171875 2296.300048828125 2291.10009765625 2285.800048828125 2290.199951171875 2294.89990234375
3612 3612 3612 3465.300048828125 3318.89990234375 3172.10009765625 3025.60009765625 2879.199951171875 2862.60009765625 2846.5 2830.5 2814.5 2798.199951171875 2741.699951171875 2684.800048828125 2627.699951171875 2570.800048828125 2514 2515.39990234375 2517.199951171875 2518.89990234375 2520.60009765625 2522.300048828125 2527.800048828125 2533 2538 2543.39990234375 2548.89990234375 2522.800048828125 2496.39990234375 2470 2443.699951171875 2417.5 2426.5 2435.699951171875 2445.10009765625 2454.39990234375 2463.89990234375 2428.199951171875 2392.199951171875 2355.800048828125 2319.699951171875 2283.5 2276.699951171875 2270.300048828125 2264.10009765625 2257.60009765625 2251.39990234375 2265.39990234375 2279.5
3699.300048828125 3699.300048828125 3699.300048828125 3537 3374.300048828125 3212.10009765625 3049.5 2887.10009765625 2869.300048828125 2852.10009765625 2835 2817.800048828125 2800.60009765625 2746.300048828125 2692.10009765625 2637.60009765625 2583.10009765625 2528.800048828125 2520.800048828125 2513.199951171875 2505.5 2497.60009765625 2490.10009765625 2488.10009765625 2486 2484 2482 2479.800048828125 2463.10009765625 2446.39990234375 2429.5 2412.800048828125 2395.800048828125 2415.800048828125 2436.60009765625 2456.699951171875 2477.300048828125 2497.699951171875 2449.800048828125 2401 2352.199951171875 2303 2254.199951171875 2246.10009765625 2238.800048828125 2231.60009765625 2224.5 2217.10009765625 2240.199951171875 2264
3786.800048828125 3786.800048828125 3786.800048828125 3608.60009765625 3430.199951171875 3251.699951171875 3073.300048828125 2895 2876.199951171875 2857.699951171875 2839.5 2821 2802.699951171875 2751 2699.199951171875 2647.300048828125 2595.300048828125 2543.699951171875 2526.199951171875 2509.199951171875 2492.199951171875 2475 2457.800048828125 2448.699951171875 2439.199951171875 2429.60009765625 2420.199951171875 2410.800048828125 2403.60009765625 2396.199951171875 2388.800048828125 2381.60009765625 2374.199951171875 2405.300048828125 2437.10009765625 2468.60009765625 2500.10009765625 2531.699951171875 2471.60009765625 2409.89990234375 2348.10009765625 2286.699951171875 2225.10009765625 2215.89990234375 2207.5 2199.199951171875 2190.89990234375 2182.699951171875 2215.39990234375 2248.5
3721.5 3721.5 3721.5 3537.800048828125 3353.800048828125 3169.60009765625 2985.60009765625 2801.39990234375 2783.800048828125 2766.300048828125 2749.199951171875 2731.800048828125 2714.5 2685.300048828125 2656.199951171875 2627 2597.800048828125 2568.699951171875 2547.699951171875 2527 2506.300048828125 2485.5 2464.699951171875 2454.300048828125 2443.89990234375 2433.89990234375 2423.699951171875 2413.5 2412.699951171875 2411.89990234375 2411.39990234375 2410.5 2409.800048828125 2433.10009765625 2456.60009765625 2479.89990234375 2503.5 2526.800048828125 2471.699951171875 2415.300048828125 2358.800048828125 2302.5 2246.10009765625 2232.10009765625 2219 2205.89990234375 2192.699951171875 2179.60009765625 2211.300048828125 2244
3648.800048828125 3648.800048828125 3648.800048828125 3459.89990234375 3270.699951171875 3081.300048828125 2892.300048828125 2702.89990234375 2686.300048828125 2670.300048828125 2654.199951171875 2638 2622.10009765625 2616.39990234375 2610.89990234375 2605.39990234375 2599.800048828125 2594.300048828125 2570.10009765625 2545.699951171875 2521.89990234375 2497.39990234375 2473.300048828125 2462.39990234375 2451.699951171875 2441 2430.300048828125 2419.800048828125 2425.39990234375 2431 2436.800048828125 2442.699951171875 2448.199951171875 2462.39990234375 2477 2491.199951171875 2505.699951171875 2520 2470.800048828125 2420.39990234375 2370 2319.89990234375 2269.39990234375 2250.699951171875 2232.5 2214.39990234375 2196.10009765625 2178 2208.5 2239.89990234375
3576.199951171875 3576.199951171875 3576.199951171875 3382 3187.60009765625 2993.10009765625 2798.800048828125 2604.5 2589.10009765625 2574.10009765625 2559.300048828125 2544.199951171875 2529.300048828125 2547.300048828125 2565.5 2583.699951171875 2601.89990234375 2620 2592.699951171875 2565 2537.10009765625 2509.60009765625 2481.699951171875 2470.5 2459.60009765625 2448.300048828125 2437 2425.800048828125 2438.10009765625 2450 2462 2474.5 2486.60009765625 2492.10009765625 2497.300048828125 2502.60009765625 2507.800048828125 2513.10009765625 2469.60009765625 2425.5 2381.39990234375 2336.89990234375 2292.89990234375 2269.300048828125 2245.800048828125 2222.800048828125 2199.800048828125 2176.5 2205.699951171875 2236
3503.39990234375 3503.39990234375 3503.39990234375 3304 3104.39990234375 2905 2705.699951171875 2505.89990234375 2491.800048828125 2478 2464.199951171875 2450.39990234375 2436.699951171875 2478.199951171875 2520.10009765625 2561.89990234375 2603.60009765625 2645.5 2614.800048828125 2583.800048828125 2552.5 2521.60009765625 2490.300048828125 2478.699951171875 2466.89990234375 2455.39990234375 2443.699951171875 2432.10009765625 2450.39990234375 2469.10009765625 2487.699951171875 2506.39990234375 2525 2521.60009765625 2517.800048828125 2514.10009765625 2510.10009765625 2506.300048828125 2468.60009765625 2430.60009765625 2392.39990234375 2354.39990234375 2316.199951171875 2287.89990234375 2259.5 2231.39990234375 2203.199951171875 2175.300048828125 2203.10009765625 2232.10009765625
3430.60009765625 3430.60009765625 3430.60009765625 3226.10009765625 3021.39990234375 2817 2612.10009765625 2407.5 2394.39990234375 2381.89990234375 2369.199951171875 2356.699951171875 2344.199951171875 2409.199951171875 2474.5 2540.10009765625 2605.5 2671.10009765625 2637.300048828125 2602.60009765625 2568 2533.39990234375 2498.89990234375 2486.699951171875 2474.60009765625 2462.39990234375 2450.300048828125 2438.300048828125 2462.800048828125 2488.10009765625 2513 2538.199951171875 2563.39990234375 2551 2538.10009765625 2525.10009765625 2512.300048828125 2499.60009765625 2467.89990234375 2435.699951171875 2403.800048828125 2371.800048828125 2339.699951171875 2306.5 2273.199951171875 2240 2206.800048828125 2173.5 2200.39990234375 2228.300048828125
3302.199951171875 3302.199951171875 3302.199951171875 3126.300048828125 2950.300048828125 2774 2598 2421.89990234375 2391.89990234375 2362.60009765625 2333.10009765625 2303.60009765625 2274 2328.39990234375 2383.10009765625 2437.39990234375 2492.199951171875 2546.60009765625 2541.39990234375 2535.60009765625 2530 2524.300048828125 2518.699951171875 2505.89990234375 2492.699951171875 2479.800048828125 2466.699951171875 2453.699951171875 2472.699951171875 2491.800048828125 2510.89990234375 2530 2549.199951171875 2533.300048828125 2516.800048828125 2500.300048828125 2483.800048828125 2467.5 2439.800048828125 2411.60009765625 2383.800048828125 2355.699951171875 2328 2297 2266.60009765625 2235.89990234375 2205.60009765625 2175 2202.300048828125 2230.89990234375
3170.5 3170.5 3170.5 3024.89990234375 2879.300048828125 2733.39990234375 2587.800048828125 2442 2394.60009765625 2347.300048828125 2300 2252.699951171875 2205.60009765625 2247.10009765625 2288.800048828125 2330.5 2372.60009765625 2414.199951171875 2439.300048828125 2464.199951171875 2489 2514 2538.89990234375 2525.300048828125 2511.39990234375 2497.39990234375 2483.699951171875 2469.800048828125 2482 2494.60009765625 2507.10009765625 2519.699951171875 2532.300048828125 2513 2493.199951171875 2473.60009765625 2453.89990234375 2434.300048828125 2410.199951171875 2386.300048828125 2362.10009765625 2337.89990234375 2313.89990234375 2286.39990234375 2259.10009765625 2231.60009765625 2203.89990234375 2176.60009765625 2204.5 2233.699951171875
3039 3039 3039 2923.699951171875 2808.300048828125 2693 2577.699951171875 2462.300048828125 2397.10009765625 2331.89990234375 2267 2202 2137 2165.60009765625 2194.60009765625 2223.800048828125 2252.89990234375 2282 2337.199951171875 2392.89990234375 2448.10009765625 2503.699951171875 2559.10009765625 2545 2530.199951171875 2515.39990234375 2500.60009765625 2485.800048828125 2491.5 2497.300048828125 2503.60009765625 2509.5 2515.199951171875 2492.800048828125 2469.89990234375 2446.89990234375 2423.89990234375 2400.800048828125 2380.800048828125 2360.699951171875 2340.39990234375 2320.5 2300.300048828125 2275.699951171875 2251.60009765625 2226.89990234375 2202.5 2178.10009765625 2206.699951171875 2236.60009765625
2907.699951171875 2907.699951171875 2907.699951171875 2822.60009765625 2737.699951171875 2652.60009765625 2567.60009765625 2482.39990234375 2399.5 2316.89990234375 2234.10009765625 2150.89990234375 2068.39990234375 2084.300048828125 2100.60009765625 2117.10009765625 2133.5 2149.800048828125 2235.300048828125 2321.199951171875 2407.199951171875 2493.300048828125 2579.5 2564.5 2548.800048828125 2533.300048828125 2517.39990234375 2501.89990234375 2501.10009765625 2500.39990234375 2499.60009765625 2498.89990234375 2498.39990234375 2472.5 2446.199951171875 2420.10009765625 2393.800048828125 2367.5 2351.10009765625 2335.10009765625 2318.800048828125 2302.60009765625 2286.39990234375 2265 2243.800048828125 2222.5 2201.10009765625 2179.699951171875 2209.199951171875 2239.300048828125
2776 2776 2776 2721.39990234375 2666.699951171875 2612 2557.39990234375 2502.60009765625 2402.300048828125 2301.800048828125 2200.89990234375 2100.300048828125 1999.699951171875 2002.800048828125 2006.5 2010.300048828125 2014 2017.4000244140625 2133.199951171875 2249.89990234375 2366.39990234375 2482.89990234375 2599.699951171875 2584.10009765625 2567.699951171875 2551.10009765625 2534.60009765625 2517.800048828125 2510.199951171875 2503.199951171875 2496.10009765625 2488.800048828125 2481.5 2452.300048828125 2422.699951171875 2393.10009765625 2363.89990234375 2334.39990234375 2321.699951171875 2309.39990234375 2297.300048828125 2284.699951171875 2272.39990234375 2254.39990234375 2236.199951171875 2217.800048828125 2199.699951171875 2181.300048828125 2211.5 2242.60009765625
2690.89990234375 2690.89990234375 2690.89990234375 2645.300048828125 2599.89990234375 2554.39990234375 2509.10009765625 2463.60009765625 2375.800048828125 2287.800048828125 2200 2112.10009765625 2024.300048828125 2024.5999755859375 2025.300048828125 2026.0999755859375 2026.9000244140625 2027.5999755859375 2140.39990234375 2254 2367.199951171875 2480.800048828125 2594.39990234375 2584.300048828125 2573 2562 2550.60009765625 2539.60009765625 2523 2506.300048828125 2489.800048828125 2473.39990234375 2457 2429.60009765625 2402 2374.10009765625 2346.60009765625 2319 2311.60009765625 2304.300048828125 2297.199951171875 2290.10009765625 2282.89990234375 2262.5 2241.800048828125 2221.5 2200.39990234375 2179.89990234375 2206.300048828125 2233.699951171875
2608.199951171875 2608.199951171875 2608.199951171875 2570.89990234375 2533.39990234375 2496 2458.699951171875 2421.300048828125 2347.800048828125 2274.300048828125 2200.89990234375 2127.300048828125 2053.60009765625 2051.699951171875 2050.199951171875 2048.699951171875 2047 2045.300048828125 2153.199951171875 2261.800048828125 2370.5 2479.10009765625 2587.699951171875 2583.199951171875 2577.89990234375 2572.39990234375 2567 2561.39990234375 2535.800048828125 2510 2483.800048828125 2457.89990234375 2431.89990234375 2406.60009765625 2380.89990234375 2355.39990234375 2330.10009765625 2304.39990234375 2302.39990234375 2300.39990234375 2298.5 2296.89990234375 2294.89990234375 2271.800048828125 2248.5 2225 2201.60009765625 2178.300048828125 2200.89990234375 2224.39990234375
2525.60009765625 2525.60009765625 2525.60009765625 2496.199951171875 2466.89990234375 2437.5 2408 2378.800048828125 2319.800048828125 2260.60009765625 2201.39990234375 2142.5 2083.300048828125 2079 2075.199951171875 2071.10009765625 2067.10009765625 2063 2165.89990234375 2269.699951171875 2373.60009765625 2477.300048828125 2581.10009765625 2582.300048828125 2582.60009765625 2582.699951171875 2583 2583.39990234375 2548.5 2513 2477.89990234375 2442.39990234375 2406.800048828125 2383.39990234375 2360.300048828125 2336.699951171875 2313.5 2290.300048828125 2293.199951171875 2296.60009765625 2299.800048828125 2303.300048828125 2306.60009765625 2281.10009765625 2255.10009765625 2228.89990234375 2202.60009765625 2176.60009765625 2195.39990234375 2214.89990234375
2443.199951171875 2443.199951171875 2443.199951171875 2421.60009765625 2400.5 2379.10009765625 2357.800048828125 2336.60009765625 2291.89990234375 2247.10009765625 2202.300048828125 2157.60009765625 2112.89990234375 2106.199951171875 2099.89990234375 2093.39990234375 2087.199951171875 2081 2178.89990234375 2277.60009765625 2376.699951171875 2475.5 2574.39990234375 2581.199951171875 2587.5 2593.300048828125 2599.39990234375 2605.60009765625 2561.300048828125 2516.39990234375 2471.5 2426.60009765625 2382 2360.5 2339.39990234375 2318.300048828125 2297 2275.800048828125 2283.89990234375 2292.60009765625 2301.300048828125 2309.699951171875 2318.300048828125 2290.39990234375 2261.39990234375 2232.5 2203.89990234375 2174.800048828125 2189.800048828125 2205.60009765625
