DatosClimaticos/DatosMaxEnt/2023/BIO16_2023.asc
ncols        206
nrows        206
xllcorner    -76.208333333333
yllcorner    4.492353333333
cellsize     0.008330000000
NODATA_value -9999
[rows 132 to 153 of 206, columns 98 to 146 of 206]
635.70001220703125 622.20001220703125 608.70001220703125 595.29998779296875 581.79998779296875 584 586.9000244140625 589.9000244140625 592.70001220703125 595.5999755859375 602.9000244140625 610.4000244140625 618 625.70001220703125 633.20001220703125 642.70001220703125 652.29998779296875 661.9000244140625 671.4000244140625 681.0999755859375 680.9000244140625 683 701.4000244140625 719.79998779296875 738.29998779296875 757.20001220703125 776 794.79998779296875 813.70001220703125 832.4000244140625 850.0999755859375 867.5 884.9000244140625 902.4000244140625 919.79998779296875 936.4000244140625 953.20001220703125 969.79998779296875 986.5 1003.0999755859375 1015.5 1027.5 1039.5 1051.5 1063.699951171875 1060.9000244140625 1057.300048828125 1053.699951171875 1050.0999755859375
627.4000244140625 617.20001220703125 606.79998779296875 596.4000244140625 586.0999755859375 587.9000244140625 590.20001220703125 592.5 594.9000244140625 597.0999755859375 603.5 610 616.5 623.0999755859375 629.70001220703125 640 650.5 661.0999755859375 671.70001220703125 682.29998779296875 683.5 687.29998779296875 706.5999755859375 726.0999755859375 745.4000244140625 764.0999755859375 782.9000244140625 801.5999755859375 820.20001220703125 839 854.4000244140625 869.70001220703125 884.9000244140625 900.20001220703125 915.5 932 948.70001220703125 965.4000244140625 982 998.79998779296875 1012.29998779296875 1025.5999755859375 1038.9000244140625 1052.199951171875 1065.5 1063 1059.5 1056 1052.5999755859375
619.0999755859375 612 604.79998779296875 597.70001220703125 590.70001220703125 592 593.70001220703125 595.5 597.20001220703125 598.9000244140625 604.20001220703125 609.70001220703125 615.0999755859375 620.5999755859375 626.0999755859375 637.4000244140625 648.9000244140625 660.5 672 683.70001220703125 686.0999755859375 692.0999755859375 712.4000244140625 732.5999755859375 752.9000244140625 771.5 790 808.5999755859375 827.0999755859375 845.79998779296875 859 872.0999755859375 885 898 911 927.4000244140625 944 960.70001220703125 977.29998779296875 993.9000244140625 1008.79998779296875 1023.5 1038.300048828125 1053 1067.699951171875 1065.4000244140625 1062 1058.800048828125 1055.4000244140625
610.5999755859375 606.70001220703125 602.9000244140625 599 595.20001220703125 596.0999755859375 597.20001220703125 598.29998779296875 599.4000244140625 600.70001220703125 604.9000244140625 609.29998779296875 613.79998779296875 618.20001220703125 622.5999755859375 634.79998779296875 647.29998779296875 659.79998779296875 672.4000244140625 684.79998779296875 688.70001220703125 697 718.0999755859375 739.20001220703125 760.20001220703125 778.9000244140625 797.20001220703125 815.70001220703125 834.0999755859375 852.5 863.5999755859375 874.29998779296875 885 895.79998779296875 906.5 922.79998779296875 939.4000244140625 956 972.5999755859375 989.20001220703125 1005.29998779296875 1021.5999755859375 1037.800048828125 1053.9000244140625 1070.0999755859375 1067.9000244140625 1064.699951171875 1061.5 1058.199951171875
602.20001220703125 601.5 600.9000244140625 600.29998779296875 599.5999755859375 600.0999755859375 600.70001220703125 601.20001220703125 601.79998779296875 602.4000244140625 605.5999755859375 609 612.4000244140625 615.79998779296875 619.20001220703125 632.20001220703125 645.79998779296875 659.20001220703125 672.5999755859375 686.0999755859375 691.20001220703125 701.79998779296875 723.79998779296875 745.79998779296875 767.79998779296875 786.20001220703125 804.5 822.70001220703125 840.9000244140625 859.29998779296875 868.29998779296875 876.5999755859375 885.0999755859375 893.5 902 918.0999755859375 934.70001220703125 951.29998779296875 967.79998779296875 984.4000244140625 1002 1019.5 1037.0999755859375 1054.800048828125 1072.4000244140625 1070.5 1067.300048828125 1064.0999755859375 1061
593.5999755859375 596.29998779296875 598.9000244140625 601.5 604.0999755859375 604.29998779296875 604.20001220703125 604.0999755859375 604 604.0999755859375 606.20001220703125 608.5 611 613.29998779296875 615.5999755859375 629.5999755859375 644.0999755859375 658.5 673 687.5 693.9000244140625 706.5999755859375 729.5 752.4000244140625 775.29998779296875 793.5999755859375 811.70001220703125 829.79998779296875 847.9000244140625 866 872.79998779296875 878.9000244140625 885.0999755859375 891.4000244140625 897.5 913.5 930.0999755859375 946.5 963.0999755859375 979.5999755859375 998.4000244140625 1017.5999755859375 1036.5999755859375 1055.5999755859375 1074.699951171875 1073 1069.800048828125 1066.800048828125 1063.800048828125
612.20001220703125 610.79998779296875 609.4000244140625 608 606.70001220703125 606.0999755859375 605.5 604.9000244140625 604.29998779296875 603.79998779296875 606.79998779296875 609.70001220703125 612.79998779296875 615.79998779296875 618.9000244140625 631.5999755859375 644.9000244140625 658.0999755859375 671.29998779296875 684.5 690.20001220703125 702.5 723.9000244140625 745.29998779296875 766.5999755859375 781.79998779296875 796.70001220703125 811.70001220703125 826.5 841.4000244140625 852 862.4000244140625 872.79998779296875 883.0999755859375 893.5 908.0999755859375 923 937.70001220703125 952.4000244140625 967.29998779296875 985.5999755859375 1004.0999755859375 1022.70001220703125 1041.300048828125 1059.699951171875 1059.5999755859375 1058.4000244140625 1057.199951171875 1056
632.29998779296875 626.5 620.5999755859375 614.79998779296875 609.0999755859375 607.79998779296875 606.79998779296875 605.5999755859375 604.5999755859375 603.5 607.0999755859375 610.9000244140625 614.79998779296875 618.5999755859375 622.5 634 645.9000244140625 657.5999755859375 669.5 681.4000244140625 686 697.79998779296875 717.5 737.20001220703125 756.9000244140625 768.9000244140625 780.4000244140625 792 803.5 815 829.9000244140625 844.70001220703125 859.70001220703125 874.5999755859375 889.5999755859375 902.79998779296875 915.5999755859375 928.5999755859375 941.70001220703125 954.5 972.0999755859375 990.0999755859375 1008 1025.9000244140625 1043.800048828125 1045.5 1046.199951171875 1047 1047.5999755859375
652.29998779296875 642.0999755859375 632 621.70001220703125 611.5 609.5999755859375 608 606.29998779296875 604.79998779296875 603.0999755859375 607.5 612.0999755859375 616.9000244140625 621.5 626 636.29998779296875 646.70001220703125 657.29998779296875 667.70001220703125 678.20001220703125 682 693.0999755859375 711.0999755859375 729.20001220703125 747.20001220703125 755.9000244140625 764.0999755859375 772.4000244140625 780.5 788.70001220703125 807.5999755859375 827.20001220703125 846.5999755859375 866.29998779296875 885.70001220703125 897.20001220703125 908.4000244140625 919.5 930.70001220703125 941.9000244140625 958.79998779296875 976 993.29998779296875 1010.5 1027.800048828125 1031.300048828125 1033.9000244140625 1036.5999755859375 1039.300048828125
672.4000244140625 657.79998779296875 643.20001220703125 628.5999755859375 614 611.20001220703125 609.0999755859375 607.0999755859375 605 602.9000244140625 607.9000244140625 613.4000244140625 618.70001220703125 624.20001220703125 629.5999755859375 638.5 647.70001220703125 656.79998779296875 666 675.0999755859375 677.79998779296875 688.5 704.79998779296875 721.20001220703125 737.5999755859375 743 747.9000244140625 752.5999755859375 757.5 762.29998779296875 785.29998779296875 809.5999755859375 833.5999755859375 857.70001220703125 881.70001220703125 891.79998779296875 901.20001220703125 910.5 919.70001220703125 929.0999755859375 945.4000244140625 962 978.5999755859375 995.20001220703125 1011.79998779296875 1017.0999755859375 1021.70001220703125 1026.300048828125 1030.800048828125
692.5 673.5 654.4000244140625 635.29998779296875 616.4000244140625 613 610.29998779296875 607.9000244140625 605.20001220703125 602.5999755859375 608.29998779296875 614.5 620.70001220703125 626.9000244140625 633.20001220703125 640.9000244140625 648.5999755859375 656.5 664.20001220703125 671.9000244140625 673.9000244140625 683.70001220703125 698.5 713.20001220703125 727.9000244140625 730 731.5999755859375 733 734.4000244140625 736 763.29998779296875 791.9000244140625 820.5999755859375 849.20001220703125 877.79998779296875 886.5 893.9000244140625 901.5 908.9000244140625 916.4000244140625 932 947.9000244140625 963.9000244140625 980 995.9000244140625 1002.9000244140625 1009.4000244140625 1016 1022.5
685.70001220703125 666.5 647.4000244140625 628.29998779296875 609.0999755859375 607.20001220703125 605.9000244140625 604.70001220703125 603.5 602.20001220703125 608 614.0999755859375 620.20001220703125 626.29998779296875 632.5 638.5 644.5999755859375 650.5 656.5 662.5999755859375 663.70001220703125 674.4000244140625 688.0999755859375 701.70001220703125 715.20001220703125 719.5999755859375 723.4000244140625 727.29998779296875 731.0999755859375 734.9000244140625 761.79998779296875 789.9000244140625 818 846.0999755859375 874.29998779296875 884.9000244140625 894.4000244140625 904 913.70001220703125 923.29998779296875 936.29998779296875 949.70001220703125 962.9000244140625 976.20001220703125 989.5999755859375 997.20001220703125 1004.4000244140625 1011.70001220703125 1019
677.0999755859375 658.20001220703125 639.29998779296875 620.29998779296875 601.29998779296875 600.9000244140625 601.0999755859375 601.29998779296875 601.5 601.9000244140625 607.5999755859375 613.5999755859375 619.5 625.5 631.5 635.70001220703125 640.0999755859375 644.4000244140625 648.70001220703125 652.79998779296875 653.29998779296875 664.79998779296875 677.29998779296875 689.9000244140625 702.5 709.29998779296875 715.79998779296875 722.4000244140625 728.9000244140625 735.4000244140625 761.5999755859375 788.9000244140625 816.20001220703125 843.5 870.79998779296875 883.5999755859375 895.4000244140625 907.4000244140625 919.4000244140625 931.29998779296875 941.79998779296875 952.29998779296875 962.79998779296875 973.29998779296875 983.79998779296875 991.79998779296875 999.79998779296875 1007.70001220703125 1015.79998779296875
668.70001220703125 649.9000244140625 631.0999755859375 612.29998779296875 593.5999755859375 594.5 596.20001220703125 598 599.5999755859375 601.4000244140625 607.0999755859375 612.9000244140625 618.79998779296875 624.5999755859375 630.5 633.0999755859375 635.70001220703125 638.0999755859375 640.70001220703125 643.20001220703125 643.5999755859375 655.0999755859375 666.5999755859375 678.20001220703125 689.70001220703125 698.9000244140625 708.20001220703125 717.4000244140625 726.5999755859375 735.9000244140625 761.5 787.9000244140625 814.4000244140625 840.79998779296875 867.29998779296875 882.29998779296875 896.5 910.70001220703125 925.0999755859375 939.29998779296875 947.29998779296875 955 962.5999755859375 970.29998779296875 978 986.5999755859375 995.29998779296875 1003.9000244140625 1012.5
660.0999755859375 641.5 622.9000244140625 604.29998779296875 585.79998779296875 588.20001220703125 591.4000244140625 594.5999755859375 597.79998779296875 601 606.70001220703125 612.4000244140625 618 623.79998779296875 629.5 630.4000244140625 631.0999755859375 631.9000244140625 632.70001220703125 633.4000244140625 635 645.5 655.9000244140625 666.4000244140625 676.79998779296875 688.70001220703125 700.5 712.5 724.4000244140625 736.4000244140625 761.29998779296875 786.79998779296875 812.4000244140625 838.20001220703125 863.79998779296875 880.9000244140625 897.5 914.0999755859375 930.79998779296875 947.29998779296875 952.79998779296875 957.70001220703125 962.5 967.29998779296875 972.20001220703125 981.29998779296875 990.70001220703125 1000 1009.29998779296875
651.5999755859375 633.20001220703125 614.79998779296875 596.4000244140625 578.0999755859375 581.79998779296875 586.5 591.20001220703125 596 600.70001220703125 606.20001220703125 611.70001220703125 617.29998779296875 622.79998779296875 628.5 627.79998779296875 626.70001220703125 625.79998779296875 624.79998779296875 624.9000244140625 626.4000244140625 635.9000244140625 645.20001220703125 654.5999755859375 664.0999755859375 678.29998779296875 693 707.5999755859375 722.20001220703125 736.9000244140625 761.0999755859375 785.9000244140625 810.70001220703125 835.4000244140625 860.29998779296875 879.5999755859375 898.5999755859375 917.4000244140625 936.4000244140625 955.29998779296875 958.29998779296875 960.4000244140625 962.29998779296875 964.4000244140625 966.5 976 986 996.0999755859375 1006.0999755859375
642.5 623.9000244140625 605.5 587 568.5999755859375 571.5999755859375 575.29998779296875 579.20001220703125 583 586.79998779296875 591.70001220703125 596.5999755859375 601.4000244140625 606.29998779296875 611.0999755859375 610.70001220703125 610 609.4000244140625 608.5999755859375 608 608.4000244140625 618.4000244140625 628.29998779296875 638.29998779296875 648.4000244140625 666 684.0999755859375 702.0999755859375 720.20001220703125 738.20001220703125 762.4000244140625 786.79998779296875 811.4000244140625 835.79998779296875 860.20001220703125 878.29998779296875 895.9000244140625 913.5 931.20001220703125 948.9000244140625 953.20001220703125 956.9000244140625 960.4000244140625 964 967.5999755859375 976.0999755859375 984.9000244140625 993.5999755859375 1002.29998779296875
633.4000244140625 614.79998779296875 596.20001220703125 577.5999755859375 559.0999755859375 560.9000244140625 563.79998779296875 566.5999755859375 569.4000244140625 572.29998779296875 576.29998779296875 580.4000244140625 584.5 588.70001220703125 592.9000244140625 592.79998779296875 592.5 592.29998779296875 592.0999755859375 591.79998779296875 589.5999755859375 600.4000244140625 611.20001220703125 621.79998779296875 632.5999755859375 653.70001220703125 675.0999755859375 696.5999755859375 718.0999755859375 739.5999755859375 763.5999755859375 787.79998779296875 812.0999755859375 836.29998779296875 860.4000244140625 877 893.0999755859375 909.20001220703125 925.29998779296875 941.4000244140625 947.4000244140625 952.9000244140625 958.4000244140625 963.79998779296875 969.29998779296875 976.5 983.79998779296875 991.20001220703125 998.5999755859375
624.20001220703125 605.5999755859375 586.9000244140625 568.20001220703125 549.5 550.5 552.29998779296875 554 555.79998779296875 557.5 560.9000244140625 564.29998779296875 567.70001220703125 571.0999755859375 574.5 574.9000244140625 575 575.29998779296875 575.4000244140625 575.5999755859375 570.9000244140625 582.5 593.9000244140625 605.4000244140625 616.9000244140625 641.20001220703125 666.0999755859375 691.0999755859375 716 741 764.9000244140625 788.79998779296875 812.79998779296875 836.5999755859375 860.5 875.5999755859375 890.20001220703125 904.79998779296875 919.4000244140625 933.9000244140625 941.5999755859375 949 956.29998779296875 963.70001220703125 970.9000244140625 977 983 988.79998779296875 994.70001220703125
615.20001220703125 596.4000244140625 577.5999755859375 558.79998779296875 540 539.9000244140625 540.5999755859375 541.4000244140625 542.0999755859375 542.9000244140625 545.5 548.20001220703125 550.79998779296875 553.5 556.29998779296875 556.9000244140625 557.5 558.20001220703125 558.79998779296875 559.29998779296875 552.79998779296875 564.4000244140625 576.5999755859375 588.9000244140625 601.0999755859375 628.70001220703125 657.20001220703125 685.5 714 742.5 766.29998779296875 789.9000244140625 813.5 837.20001220703125 860.79998779296875 874.4000244140625 887.4000244140625 900.5 913.4000244140625 926.4000244140625 935.79998779296875 945.0999755859375 954.20001220703125 963.5 972.5999755859375 977.4000244140625 981.9000244140625 986.4000244140625 991
606.0999755859375 587.20001220703125 568.4000244140625 549.4000244140625 530.4000244140625 529.4000244140625 529.0999755859375 528.79998779296875 528.5 528.20001220703125 530.0999755859375 532 534 536 537.9000244140625 539 540 541 542.0999755859375 543.0999755859375 535.29998779296875 546.5 559.5 572.4000244140625 585.29998779296875 616.29998779296875 648.20001220703125 680.0999755859375 712 743.79998779296875 767.5 790.9000244140625 814.29998779296875 837.5999755859375 860.9000244140625 873.0999755859375 884.5999755859375 896 907.5999755859375 919 930 941.0999755859375 952.0999755859375 963.0999755859375 974.20001220703125 977.79998779296875 980.9000244140625 984 987.0999755859375
597.29998779296875 577.5999755859375 557.9000244140625 538.29998779296875 518.5 515.5999755859375 513.4000244140625 511.20001220703125 509 506.79998779296875 511 515.20001220703125 519.5999755859375 523.9000244140625 528.29998779296875 530.0999755859375 531.79998779296875 533.5 535.29998779296875 536.9000244140625 530.79998779296875 538.70001220703125 554.5999755859375 570.4000244140625 586.29998779296875 615.4000244140625 645.29998779296875 675.20001220703125 705.0999755859375 735.0999755859375 757.70001220703125 779.70001220703125 801.79998779296875 823.79998779296875 846 863.0999755859375 880 896.79998779296875 913.70001220703125 930.5 938.5999755859375 946.0999755859375 953.79998779296875 961.29998779296875 968.9000244140625 972.70001220703125 976.20001220703125 979.9000244140625 983.5
