DatosClimaticos/DatosMaxEnt/2023/BIO15_2023.asc
ncols        206
nrows        206
xllcorner    -76.208333333333
yllcorner    4.492353333333
cellsize     0.008330000000
NODATA_value -9999
[rows 95 to 113 of 206, columns 129 to 171 of 206]
53.01113128662109375 54.770984649658203125 56.518985748291015625 58.25238800048828125 60.47440338134765625 62.775005340576171875 65.13159942626953125 67.51470947265625 69.94913482666015625 71.1652374267578125 72.32524871826171875 73.4837646484375 74.642608642578125 75.7830352783203125 75.07421112060546875 74.305816650390625 73.610992431640625 73.0021514892578125 72.45818328857421875 72.28644561767578125 72.17554473876953125 72.12645721435546875 72.14052581787109375 72.22982025146484375 71.29105377197265625 70.29326629638671875 69.28179931640625 68.27690887451171875 67.29677581787109375 66.9479827880859375 66.66416168212890625 66.415740966796875 66.20449066162109375 66.04618072509765625 64.85222625732421875 63.574481964111328125 62.258487701416015625 60.95236968994140625 59.62410736083984375 58.073089599609375 56.56470489501953125 55.08501434326171875 53.655704498291015625
53.4219818115234375 54.93212890625 56.455760955810546875 57.957584381103515625 60.2271270751953125 62.580562591552734375 64.987396240234375 67.44187164306640625 69.925384521484375 71.3289337158203125 72.67528533935546875 74.01187896728515625 75.3452606201171875 76.67130279541015625 75.91202545166015625 75.087066650390625 74.31749725341796875 73.6190185546875 72.99137115478515625 72.7143096923828125 72.47823333740234375 72.29766845703125 72.1466217041015625 72.04294586181640625 71.27388763427734375 70.44161224365234375 69.6414642333984375 68.83272552490234375 68.04500579833984375 67.66049957275390625 67.34220123291015625 67.04126739501953125 66.77439117431640625 66.5522308349609375 65.2987823486328125 63.97210693359375 62.608135223388671875 61.21967315673828125 59.832935333251953125 58.166294097900390625 56.543483734130859375 54.9527435302734375 53.454257965087890625
53.952594757080078125 55.20455169677734375 56.4615325927734375 57.73654937744140625 60.00974273681640625 62.42357635498046875 64.86733245849609375 67.37920379638671875 69.926727294921875 71.5098876953125 73.030487060546875 74.558685302734375 76.072509765625 77.5885772705078125 76.7980499267578125 75.9325408935546875 75.11652374267578125 74.35837554931640625 73.66827392578125 73.263702392578125 72.8978271484375 72.54486083984375 72.22814178466796875 71.9202728271484375 71.30284881591796875 70.6588897705078125 70.037872314453125 69.43018341064453125 68.84171295166015625 68.4292144775390625 68.0513458251953125 67.680419921875 67.34998321533203125 67.0702362060546875 65.77001190185546875 64.36565399169921875 62.950328826904296875 61.52617645263671875 60.085277557373046875 58.29721832275390625 56.538761138916015625 54.842357635498046875 53.283477783203125
52.846050262451171875 54.43286895751953125 56.001369476318359375 57.532550811767578125 59.86244964599609375 62.2940216064453125 64.76647186279296875 67.2660980224609375 69.79964447021484375 71.4493560791015625 73.0470428466796875 74.6344757080078125 76.22116851806640625 77.7956695556640625 77.29854583740234375 76.70848846435546875 76.1586151123046875 75.6450042724609375 75.1862335205078125 74.64675140380859375 74.09920501708984375 73.54779052734375 72.9947967529296875 72.46941375732421875 71.8224945068359375 71.1660919189453125 70.50922393798828125 69.85965728759765625 69.2032623291015625 68.862548828125 68.53327178955078125 68.23940277099609375 67.9499969482421875 67.70595550537109375 66.17748260498046875 64.56613922119140625 62.940853118896484375 61.2821044921875 59.629924774169921875 57.940853118896484375 56.341571807861328125 54.801029205322265625 53.3861083984375
51.882610321044921875 53.746883392333984375 55.592403411865234375 57.389495849609375 59.754199981689453125 62.1854248046875 64.6738128662109375 67.18048095703125 69.6901702880859375 71.40132904052734375 73.0456695556640625 74.70349884033203125 76.34317779541015625 77.98863983154296875 77.7863006591796875 77.50250244140625 77.24137115478515625 77.00811004638671875 76.80255126953125 76.0942230224609375 75.344207763671875 74.5717010498046875 73.8027496337890625 73.04083251953125 72.366973876953125 71.69651031494140625 71.00872802734375 70.321746826171875 69.6337432861328125 69.345611572265625 69.0684967041015625 68.81168365478515625 68.58705902099609375 68.37604522705078125 66.6529693603515625 64.7904052734375 62.94239044189453125 61.0934906005859375 59.2308349609375 57.69409942626953125 56.220508575439453125 54.843738555908203125 53.5735931396484375
51.12364959716796875 53.212055206298828125 55.291500091552734375 57.3066864013671875 59.681957244873046875 62.123264312744140625 64.591339111328125 67.0885162353515625 69.5958709716796875 71.35935211181640625 73.0744476318359375 74.77979278564453125 76.48779296875 78.18534088134765625 78.2893218994140625 78.31449127197265625 78.3612518310546875 78.42145538330078125 78.50676727294921875 77.580718994140625 76.59255218505859375 75.59157562255859375 74.58182525634765625 73.5827484130859375 72.8936767578125 72.2131805419921875 71.51758575439453125 70.82633209228515625 70.138916015625 69.84857940673828125 69.63021087646484375 69.423187255859375 69.23061370849609375 69.085418701171875 67.13683319091796875 65.078765869140625 62.998676300048828125 60.940181732177734375 58.933864593505859375 57.4997406005859375 56.15760040283203125 54.9332122802734375 53.802951812744140625
50.621234893798828125 52.8340301513671875 55.073253631591796875 57.29709625244140625 59.656620025634765625 62.07651519775390625 64.52056884765625 66.9980926513671875 69.5140380859375 71.32419586181640625 73.0883331298828125 74.8545989990234375 76.6229705810546875 78.38521575927734375 78.80420684814453125 79.13889312744140625 79.50052642822265625 79.8738555908203125 80.2750701904296875 79.102264404296875 77.85051727294921875 76.60263824462890625 75.36893463134765625 74.13567352294921875 73.41657257080078125 72.73798370361328125 72.0409698486328125 71.36287689208984375 70.6962127685546875 70.4302215576171875 70.23017120361328125 70.0521240234375 69.91082763671875 69.81870269775390625 67.6805877685546875 65.38253021240234375 63.115840911865234375 60.884510040283203125 58.718898773193359375 57.390735626220703125 56.20636749267578125 55.110546112060546875 54.117298126220703125
50.399463653564453125 52.6443328857421875 54.981292724609375 57.348728179931640625 59.67243194580078125 62.038089752197265625 64.47210693359375 66.93302154541015625 69.4308319091796875 71.2820892333984375 73.112030029296875 74.93657684326171875 76.7585601806640625 78.604736328125 79.334136962890625 79.993499755859375 80.6908111572265625 81.38904571533203125 82.0983428955078125 80.66323089599609375 79.1286163330078125 77.60356903076171875 76.1221923828125 74.67638397216796875 73.942230224609375 73.2626800537109375 72.59442901611328125 71.92710113525390625 71.3053131103515625 71.05496978759765625 70.85918426513671875 70.70272064208984375 70.60764312744140625 70.5775909423828125 68.2137603759765625 65.736358642578125 63.265926361083984375 60.8840179443359375 58.581325531005859375 57.3818511962890625 56.328121185302734375 55.35910797119140625 54.489559173583984375
50.262645721435546875 52.721923828125 55.307300567626953125 57.9365997314453125 60.31586456298828125 62.70778656005859375 65.1454925537109375 67.58538818359375 70.058929443359375 71.85516357421875 73.628082275390625 75.4002838134765625 77.15818023681640625 78.928497314453125 79.61391448974609375 80.24169921875 80.88639068603515625 81.5420989990234375 82.2056732177734375 80.83615875244140625 79.3814544677734375 77.93897247314453125 76.529632568359375 75.152008056640625 74.58477783203125 74.06817626953125 73.55451202392578125 73.04860687255859375 72.5530548095703125 72.14013671875 71.69449615478515625 71.2690582275390625 70.82833099365234375 70.4196929931640625 68.06360626220703125 65.617279052734375 63.2261199951171875 60.952556610107421875 58.78130340576171875 57.737300872802734375 56.80231475830078125 55.94950103759765625 55.161289215087890625
50.17478179931640625 52.88494873046875 55.7104644775390625 58.60491943359375 61.025604248046875 63.442256927490234375 65.869293212890625 68.289581298828125 70.705810546875 72.4658050537109375 74.1690216064453125 75.8787994384765625 77.56615447998046875 79.26104736328125 79.89620208740234375 80.481414794921875 81.05912017822265625 81.6633453369140625 82.252777099609375 80.9805145263671875 79.60092926025390625 78.26857757568359375 76.9403076171875 75.65045166015625 75.237884521484375 74.8871307373046875 74.53940582275390625 74.1992950439453125 73.88581085205078125 73.2496795654296875 72.55226898193359375 71.81621551513671875 71.041290283203125 70.22402191162109375 67.9103546142578125 65.542755126953125 63.255504608154296875 61.08710479736328125 59.065250396728515625 58.136356353759765625 57.326618194580078125 56.556812286376953125 55.864299774169921875
50.14337921142578125 53.083660125732421875 56.18115997314453125 59.3366241455078125 61.787418365478515625 64.19366455078125 66.599151611328125 68.9955902099609375 71.37776947021484375 73.0757293701171875 74.7175445556640625 76.3616790771484375 77.98963165283203125 79.60223388671875 80.187164306640625 80.72296905517578125 81.2441253662109375 81.7920379638671875 82.3331146240234375 81.14550018310546875 79.8571624755859375 78.6062774658203125 77.373809814453125 76.185028076171875 75.91022491455078125 75.73087310791015625 75.55219268798828125 75.39237213134765625 75.26212310791015625 74.39673614501953125 73.42047119140625 72.37537384033203125 71.2701568603515625 70.08599090576171875 67.80776214599609375 65.51497650146484375 63.33158111572265625 61.28417205810546875 59.4203033447265625 58.581268310546875 57.8598480224609375 57.192138671875 56.548908233642578125
50.160877227783203125 53.33815765380859375 56.68564605712890625 60.14061737060546875 62.59002685546875 64.98009490966796875 67.35805511474609375 69.7106170654296875 72.0503082275390625 73.6871795654296875 75.28137969970703125 76.847198486328125 78.41054534912109375 79.96331787109375 80.4885101318359375 80.9681243896484375 81.46831512451171875 81.9563751220703125 82.44061279296875 81.3272857666015625 80.13379669189453125 78.96788787841796875 77.8369140625 76.73949432373046875 76.60782623291015625 76.55377960205078125 76.5569305419921875 76.589935302734375 76.690277099609375 75.5697784423828125 74.30423736572265625 72.96215057373046875 71.4948577880859375 69.96865081787109375 67.73372650146484375 65.5499420166015625 63.47351837158203125 61.553985595703125 59.83489227294921875 59.090587615966796875 58.439708709716796875 57.8192291259765625 57.253200531005859375
50.225788116455078125 53.64405059814453125 57.2509918212890625 60.9922332763671875 63.4277496337890625 65.783294677734375 68.12518310546875 70.4394073486328125 72.7305450439453125 74.3147735595703125 75.83528900146484375 77.3455047607421875 78.8322296142578125 80.307464599609375 80.80216217041015625 81.23889923095703125 81.676971435546875 82.1265869140625 82.56618499755859375 81.52967071533203125 80.4310302734375 79.3578948974609375 78.3218536376953125 77.31695556640625 77.31098175048828125 77.4080047607421875 77.58133697509765625 77.81215667724609375 78.158905029296875 76.7757110595703125 75.206085205078125 73.5156097412109375 71.77188873291015625 69.912139892578125 67.7210540771484375 65.63201141357421875 63.66887664794921875 61.89141845703125 60.32198333740234375 59.636371612548828125 59.026554107666015625 58.457183837890625 57.939159393310546875
50.24575042724609375 53.549434661865234375 56.950592041015625 60.399349212646484375 62.867336273193359375 65.2723541259765625 67.6688079833984375 70.0348663330078125 72.370758056640625 73.9223785400390625 75.41498565673828125 76.89382171630859375 78.3557281494140625 79.80103302001953125 80.347198486328125 80.85977935791015625 81.384490966796875 81.9007110595703125 82.424163818359375 81.4824066162109375 80.48532867431640625 79.5097808837890625 78.55274200439453125 77.62851715087890625 77.6226654052734375 77.7319488525390625 77.89151763916015625 78.1300201416015625 78.443359375 76.9880523681640625 75.3212890625 73.5733184814453125 71.7598419189453125 69.8412322998046875 67.83879852294921875 65.9207611083984375 64.1175994873046875 62.4459991455078125 60.929965972900390625 60.176647186279296875 59.4902496337890625 58.8657379150390625 58.251491546630859375
50.344104766845703125 53.4665374755859375 56.61130523681640625 59.757892608642578125 62.278415679931640625 64.73287200927734375 67.183929443359375 69.602935791015625 72.00319671630859375 73.51513671875 74.983612060546875 76.41600799560546875 77.83697509765625 79.26375579833984375 79.886749267578125 80.479583740234375 81.06739044189453125 81.6661834716796875 82.269561767578125 81.44873809814453125 80.54337310791015625 79.6608123779296875 78.7893829345703125 77.9440155029296875 77.95487213134765625 78.05420684814453125 78.208831787109375 78.43144989013671875 78.71791839599609375 77.1719818115234375 75.43822479248046875 73.6270294189453125 71.7463226318359375 69.80735015869140625 67.9821014404296875 66.25426483154296875 64.59102630615234375 63.036769866943359375 61.586040496826171875 60.754581451416015625 59.97479248046875 59.276638031005859375 58.598712921142578125
50.519268035888671875 53.416599273681640625 56.29683685302734375 59.159618377685546875 61.701381683349609375 64.22321319580078125 66.71721649169921875 69.194732666015625 71.63623046875 73.13339996337890625 74.5458526611328125 75.95565032958984375 77.34771728515625 78.7492218017578125 79.43508148193359375 80.10929107666015625 80.77703094482421875 81.4509735107421875 82.135589599609375 81.408905029296875 80.60015106201171875 79.8167724609375 79.04428863525390625 78.3007659912109375 78.30896759033203125 78.402740478515625 78.55374908447265625 78.758453369140625 79.0572052001953125 77.42613983154296875 75.58200836181640625 73.70064544677734375 71.7467193603515625 69.790863037109375 68.14560699462890625 66.5932769775390625 65.096221923828125 63.647617340087890625 62.2827606201171875 61.36785888671875 60.5126495361328125 59.71800994873046875 58.95354461669921875
50.7789459228515625 53.380756378173828125 55.990329742431640625 58.58428192138671875 61.162021636962890625 63.734157562255859375 66.28636932373046875 68.81012725830078125 71.32678985595703125 72.759735107421875 74.13610076904296875 75.5055389404296875 76.8717803955078125 78.2340850830078125 79.00281524658203125 79.75165557861328125 80.4963531494140625 81.2550811767578125 82.01401519775390625 81.3823089599609375 80.67719268798828125 79.992218017578125 79.3229522705078125 78.67527008056640625 78.6833343505859375 78.78293609619140625 78.92694854736328125 79.1428985595703125 79.4419708251953125 77.69782257080078125 75.7601776123046875 73.78760528564453125 71.79833984375 69.797637939453125 68.34322357177734375 66.9530029296875 65.59519195556640625 64.2842559814453125 63.0170745849609375 62.0052032470703125 61.054630279541015625 60.16805267333984375 59.3350982666015625
51.1020965576171875 53.38458251953125 55.7043304443359375 58.04592132568359375 60.65413665771484375 63.27099609375 65.87760162353515625 68.4747467041015625 71.031768798828125 72.4216461181640625 73.74691009521484375 75.07915496826171875 76.4112701416015625 77.7476348876953125 78.57411956787109375 79.39839935302734375 80.2318115234375 81.0710601806640625 81.91950225830078125 81.36237335205078125 80.74462127685546875 80.16339874267578125 79.611907958984375 79.08734130859375 79.08911895751953125 79.1745452880859375 79.3227386474609375 79.5514984130859375 79.868896484375 78.009307861328125 75.96628570556640625 73.89350128173828125 71.84539031982421875 69.83396148681640625 68.542755126953125 67.3286895751953125 66.1191253662109375 64.94615936279296875 63.79833221435546875 62.70432281494140625 61.6466522216796875 60.658172607421875 59.7263336181640625
50.88982391357421875 53.06914520263671875 55.2808074951171875 57.523624420166015625 59.938655853271484375 62.335590362548828125 64.7295989990234375 67.08203125 69.408294677734375 70.9408111572265625 72.451995849609375 73.97332763671875 75.49239349365234375 77.00954437255859375 78.00091552734375 78.97955322265625 79.9615631103515625 80.95775604248046875 81.9583892822265625 81.31562042236328125 80.58757781982421875 79.88835906982421875 79.21070098876953125 78.5740509033203125 78.4929351806640625 78.50154876708984375 78.53044891357421875 78.63137054443359375 78.81418609619140625 76.8194580078125 74.666168212890625 72.5212554931640625 70.40363311767578125 68.3577423095703125 67.21776580810546875 66.13779449462890625 65.09792327880859375 64.0820159912109375 63.111202239990234375 62.131229400634765625 61.2029571533203125 60.29970550537109375 59.4642181396484375
