DatosClimaticos/DatosMaxEnt/2023/BIO16_2023.asc
ncols        206
nrows        206
xllcorner    -76.208333333333
yllcorner    4.492353333333
cellsize     0.008330000000
NODATA_value -9999
[rows 154 to 175 of 206, columns 98 to 146 of 206]
588.5 568 547.5 527 506.399993896484375 501.600006103515625 497.5 493.29998779296875 489.20001220703125 485 491.5 498.399993896484375 505.29998779296875 512.29998779296875 519.20001220703125 521.79998779296875 524.29998779296875 526.5 528.9000244140625 531.4000244140625 527 531.70001220703125 550.5999755859375 569.5 588.0999755859375 615.29998779296875 642.9000244140625 670.5 698.20001220703125 725.79998779296875 746.9000244140625 767.70001220703125 788.4000244140625 809.0999755859375 829.9000244140625 852.5 875.29998779296875 897.9000244140625 920.5999755859375 943.29998779296875 948 951.79998779296875 955.5999755859375 959.20001220703125 963 967.20001220703125 971.4000244140625 975.5999755859375 979.9000244140625
579.79998779296875 558.4000244140625 537.0999755859375 515.70001220703125 494.399993896484375 487.600006103515625 481.5 475.5 469.399993896484375 463.399993896484375 472.100006103515625 481.600006103515625 491.20001220703125 500.5 510.100006103515625 513.5 516.5 519.5999755859375 522.70001220703125 525.70001220703125 523.20001220703125 524.70001220703125 546.5 568.29998779296875 590.20001220703125 615.20001220703125 640.5999755859375 665.79998779296875 691.20001220703125 716.4000244140625 736.20001220703125 755.5999755859375 775.0999755859375 794.5 813.9000244140625 841.9000244140625 870.5 898.9000244140625 927.5999755859375 956 957.5 957.5 957.4000244140625 957.29998779296875 957.20001220703125 961.70001220703125 966.5999755859375 971.4000244140625 976.20001220703125
571 548.79998779296875 526.5999755859375 504.5 482.20001220703125 473.70001220703125 465.70001220703125 457.600006103515625 450.79998779296875 452.29998779296875 452.70001220703125 464.79998779296875 476.79998779296875 488.899993896484375 501 505.20001220703125 508.899993896484375 512.5999755859375 516.4000244140625 520.0999755859375 519.4000244140625 518.4000244140625 542.4000244140625 567.4000244140625 592.0999755859375 615.20001220703125 638.20001220703125 661.20001220703125 684.20001220703125 707.0999755859375 725.5 743.5 761.70001220703125 779.79998779296875 797.9000244140625 831.4000244140625 865.79998779296875 900.0999755859375 934.4000244140625 968.79998779296875 966.9000244140625 963.0999755859375 959.0999755859375 955.20001220703125 951.20001220703125 956.20001220703125 961.5999755859375 967.20001220703125 972.5999755859375
562.20001220703125 539.0999755859375 516.20001220703125 493.20001220703125 472.20001220703125 474 475.20001220703125 476.20001220703125 477.399993896484375 478.600006103515625 441.399993896484375 447.899993896484375 462.600006103515625 477.20001220703125 491.899993896484375 496.79998779296875 501.29998779296875 505.70001220703125 510.20001220703125 514.5999755859375 515.5999755859375 516.5 538.4000244140625 566.29998779296875 594.0999755859375 615.20001220703125 635.79998779296875 656.5 677.0999755859375 697.70001220703125 714.79998779296875 731.5 748.4000244140625 765.20001220703125 781.9000244140625 820.79998779296875 861 901.20001220703125 941.4000244140625 981.5 976.4000244140625 968.70001220703125 960.9000244140625 953.20001220703125 945.4000244140625 950.70001220703125 956.79998779296875 962.79998779296875 968.9000244140625
552.0999755859375 530.5 508.899993896484375 487.29998779296875 465.70001220703125 455.70001220703125 453.29998779296875 451.899993896484375 450.399993896484375 449 432.100006103515625 447.5 462.79998779296875 478.100006103515625 493.399993896484375 497.399993896484375 500.899993896484375 504.29998779296875 507.79998779296875 511.20001220703125 513.5 515.79998779296875 536.0999755859375 563.5 590.79998779296875 611.4000244140625 631.70001220703125 652 672.4000244140625 692.5999755859375 711.4000244140625 730.29998779296875 749.0999755859375 767.9000244140625 786.70001220703125 824 862.4000244140625 900.70001220703125 938.9000244140625 977.29998779296875 973.70001220703125 967.9000244140625 962 956.0999755859375 950.20001220703125 955.79998779296875 962.0999755859375 968.4000244140625 974.79998779296875
541.9000244140625 521.79998779296875 501.70001220703125 481.79998779296875 461.600006103515625 452.5 443.600006103515625 434.899993896484375 426.100006103515625 417.29998779296875 432.100006103515625 448 463.79998779296875 479.70001220703125 495.600006103515625 498.5 500.79998779296875 503.29998779296875 505.600006103515625 507.899993896484375 511.5 515 533.79998779296875 560.5 587.0999755859375 607.5 627.5 647.5 667.70001220703125 687.79998779296875 708.70001220703125 729.79998779296875 750.79998779296875 771.9000244140625 792.9000244140625 828 864.0999755859375 899.9000244140625 935.9000244140625 971.70001220703125 970.29998779296875 966.79998779296875 963.0999755859375 959.4000244140625 955.9000244140625 961.79998779296875 968.29998779296875 974.70001220703125 981.29998779296875
531.5 513 494.600006103515625 476.100006103515625 457.600006103515625 449.100006103515625 441 432.899993896484375 424.79998779296875 416.70001220703125 432.100006103515625 448.5 465 481.399993896484375 497.79998779296875 499.70001220703125 500.899993896484375 502.29998779296875 503.5 504.79998779296875 509.5 514.5 531.5999755859375 557.5 583.29998779296875 603.5 623.29998779296875 643.20001220703125 663 682.9000244140625 706 729.29998779296875 752.5 775.79998779296875 799.0999755859375 832 865.70001220703125 899.29998779296875 932.79998779296875 966.29998779296875 966.9000244140625 965.5 964.0999755859375 962.70001220703125 961.4000244140625 967.70001220703125 974.29998779296875 981 987.70001220703125
521.4000244140625 504.399993896484375 487.5 470.5 453.70001220703125 445.899993896484375 438.29998779296875 431 423.600006103515625 416.20001220703125 432.100006103515625 449.100006103515625 466.100006103515625 483.100006103515625 500 500.899993896484375 501 501.100006103515625 501.29998779296875 501.5 507.5 513.9000244140625 529.29998779296875 554.5 579.70001220703125 599.5 619.20001220703125 638.79998779296875 658.29998779296875 678 703.20001220703125 728.79998779296875 754.29998779296875 779.79998779296875 805.29998779296875 836.29998779296875 867.4000244140625 898.5 929.70001220703125 960.79998779296875 963.5 964.29998779296875 965.0999755859375 966.0999755859375 967 973.5 980.29998779296875 987.29998779296875 994.0999755859375
511 495.70001220703125 480.399993896484375 465 449.600006103515625 442.5 435.79998779296875 429.100006103515625 422.29998779296875 415.70001220703125 432.100006103515625 449.600006103515625 467.100006103515625 484.70001220703125 502.20001220703125 502 501.100006103515625 500.100006103515625 499.29998779296875 498.29998779296875 505.5 513.0999755859375 527.0999755859375 551.5 576 595.5 615 634.4000244140625 653.70001220703125 673.0999755859375 700.5 728.20001220703125 755.9000244140625 783.70001220703125 811.5 840.29998779296875 869 897.79998779296875 926.70001220703125 955.4000244140625 960 963.0999755859375 966.20001220703125 969.4000244140625 972.5 979.4000244140625 986.4000244140625 993.5 1000.5
499.29998779296875 486 472.5 459.20001220703125 445.79998779296875 440.70001220703125 435.899993896484375 431.100006103515625 426.29998779296875 421.399993896484375 436.5 452.29998779296875 468.20001220703125 484.100006103515625 500 500.70001220703125 500.600006103515625 500.5 500.399993896484375 500.29998779296875 506.100006103515625 512.29998779296875 531.5999755859375 554.9000244140625 578.0999755859375 596.5999755859375 614.79998779296875 633.20001220703125 651.4000244140625 669.70001220703125 696.5999755859375 724.0999755859375 751.5999755859375 779 806.5 835.5 864.4000244140625 893.5 922.5 951.5 957.5999755859375 962.4000244140625 967.20001220703125 972 976.79998779296875 982.4000244140625 988 993.5999755859375 999.29998779296875
487.399993896484375 476.20001220703125 464.899993896484375 453.600006103515625 442.20001220703125 439 436.20001220703125 433.399993896484375 430.600006103515625 427.600006103515625 441 455.20001220703125 469.399993896484375 483.399993896484375 497.5 499 500.100006103515625 500.899993896484375 501.899993896484375 502.79998779296875 507 514.4000244140625 536.4000244140625 558.5999755859375 580.79998779296875 598.0999755859375 615.20001220703125 632.0999755859375 649.20001220703125 666.20001220703125 692.79998779296875 719.79998779296875 746.70001220703125 773.70001220703125 800.79998779296875 830 859.5 888.79998779296875 918.29998779296875 947.79998779296875 955.4000244140625 961.70001220703125 968.0999755859375 974.5999755859375 981 985.20001220703125 989.29998779296875 993.29998779296875 997.5
475.5 466.29998779296875 457.100006103515625 447.899993896484375 438.5 437.399993896484375 436.399993896484375 435.600006103515625 434.70001220703125 433.899993896484375 445.600006103515625 458 470.29998779296875 482.70001220703125 495.100006103515625 497.600006103515625 499.399993896484375 501.399993896484375 503.29998779296875 505.29998779296875 507.899993896484375 520.4000244140625 541.4000244140625 562.4000244140625 583.29998779296875 599.5 615.29998779296875 631.20001220703125 647 662.79998779296875 688.70001220703125 715.29998779296875 741.9000244140625 768.29998779296875 794.9000244140625 824.5999755859375 854.5 884.29998779296875 914.0999755859375 944 953.20001220703125 961.0999755859375 969.20001220703125 977.0999755859375 985.0999755859375 988 990.5999755859375 993.20001220703125 995.5999755859375
463.70001220703125 456.399993896484375 449.29998779296875 442 434.899993896484375 435.600006103515625 436.79998779296875 437.899993896484375 439 440.100006103515625 450.399993896484375 460.79998779296875 471.399993896484375 482 492.70001220703125 495.899993896484375 498.899993896484375 501.79998779296875 504.70001220703125 507.70001220703125 508.79998779296875 526.5 546.4000244140625 566.20001220703125 585.9000244140625 600.9000244140625 615.5 630.20001220703125 644.79998779296875 659.4000244140625 684.9000244140625 711 737 763.0999755859375 789 819.0999755859375 849.4000244140625 879.5999755859375 909.9000244140625 940.20001220703125 950.9000244140625 960.5 970.0999755859375 979.70001220703125 989.29998779296875 990.79998779296875 991.70001220703125 992.9000244140625 993.79998779296875
451.79998779296875 446.600006103515625 441.5 436.399993896484375 431.29998779296875 434 437.100006103515625 440.20001220703125 443.20001220703125 446.399993896484375 454.899993896484375 463.70001220703125 472.5 481.399993896484375 490.20001220703125 494.29998779296875 498.399993896484375 502.29998779296875 506.20001220703125 510.100006103515625 513.79998779296875 532.5 551.20001220703125 569.9000244140625 588.5999755859375 602.29998779296875 615.5999755859375 629.0999755859375 642.5 656 681 706.5999755859375 732.20001220703125 757.79998779296875 783.29998779296875 813.79998779296875 844.4000244140625 875.20001220703125 905.79998779296875 936.5 948.70001220703125 959.9000244140625 971.0999755859375 982.29998779296875 993.5 993.5999755859375 993.0999755859375 992.5 992
444.79998779296875 440.600006103515625 436.5 432.29998779296875 428.20001220703125 430.79998779296875 433.79998779296875 436.79998779296875 439.79998779296875 442.70001220703125 450.20001220703125 457.899993896484375 465.600006103515625 473.20001220703125 480.899993896484375 484 486.79998779296875 489.70001220703125 492.70001220703125 495.70001220703125 501.600006103515625 521.79998779296875 541.9000244140625 562 582.0999755859375 595.5999755859375 608.70001220703125 621.79998779296875 634.9000244140625 648 672.5 697.5 722.5 747.5999755859375 772.5999755859375 804.70001220703125 837.29998779296875 869.79998779296875 902.4000244140625 934.79998779296875 947.29998779296875 958.5999755859375 970 981.4000244140625 992.70001220703125 993.20001220703125 992.9000244140625 992.79998779296875 992.5999755859375
438 434.899993896484375 431.70001220703125 428.399993896484375 425.20001220703125 427.70001220703125 430.399993896484375 433 435.79998779296875 438.5 444.79998779296875 451.5 458.100006103515625 464.600006103515625 471.20001220703125 473.20001220703125 474.79998779296875 476.5 478.100006103515625 479.899993896484375 487.899993896484375 509.79998779296875 531.5 553.29998779296875 575 588.20001220703125 601.0999755859375 614 626.79998779296875 639.70001220703125 663.5 688.0999755859375 712.5 737 761.5999755859375 795.5 829.9000244140625 864.4000244140625 898.9000244140625 933.29998779296875 946 957.4000244140625 968.9000244140625 980.20001220703125 991.5999755859375 992.5 992.79998779296875 993.0999755859375 993.4000244140625
431.399993896484375 429.100006103515625 426.79998779296875 424.5 422.100006103515625 424.399993896484375 426.899993896484375 429.20001220703125 431.70001220703125 434.100006103515625 439.600006103515625 445 450.5 456 461.5 462.20001220703125 462.600006103515625 463.20001220703125 463.600006103515625 464.100006103515625 474.29998779296875 497.70001220703125 521.0999755859375 544.5 567.9000244140625 581 593.5999755859375 606.0999755859375 618.70001220703125 631.29998779296875 654.70001220703125 678.5999755859375 702.70001220703125 726.5999755859375 750.5 786.20001220703125 822.5999755859375 859 895.4000244140625 931.9000244140625 944.5999755859375 956.0999755859375 967.5 979 990.4000244140625 991.79998779296875 992.5999755859375 993.20001220703125 994
424.70001220703125 423.29998779296875 421.899993896484375 420.5 419.20001220703125 421.20001220703125 423.399993896484375 425.600006103515625 427.600006103515625 429.79998779296875 434.100006103515625 438.5 443 447.29998779296875 451.70001220703125 451.29998779296875 450.5 449.79998779296875 449 448.399993896484375 460.79998779296875 485.79998779296875 510.79998779296875 535.79998779296875 560.70001220703125 573.5999755859375 586 598.29998779296875 610.5999755859375 622.9000244140625 645.70001220703125 669.20001220703125 692.5999755859375 715.9000244140625 739.5 777 815.4000244140625 853.70001220703125 892 930.29998779296875 943.4000244140625 954.79998779296875 966.29998779296875 977.9000244140625 989.4000244140625 991.0999755859375 992.4000244140625 993.5999755859375 994.70001220703125
418 417.5 417.100006103515625 416.5 416.100006103515625 417.899993896484375 419.899993896484375 421.70001220703125 423.600006103515625 425.5 428.70001220703125 432.100006103515625 435.399993896484375 438.79998779296875 442 440.29998779296875 438.399993896484375 436.5 434.5 432.5 447.20001220703125 473.79998779296875 500.29998779296875 527 553.5999755859375 566.4000244140625 578.4000244140625 590.5 602.5 614.5999755859375 636.9000244140625 659.79998779296875 682.5999755859375 705.5 728.29998779296875 767.70001220703125 807.9000244140625 848.29998779296875 888.5999755859375 928.9000244140625 942 953.5 965 976.70001220703125 988.20001220703125 990.5 992.20001220703125 993.79998779296875 995.5999755859375
416 416.20001220703125 416.5 416.70001220703125 416.899993896484375 419.20001220703125 421.600006103515625 424.100006103515625 426.600006103515625 429 430.79998779296875 432.70001220703125 434.399993896484375 436.29998779296875 438.20001220703125 437.5 436.5 435.600006103515625 434.70001220703125 433.899993896484375 450.20001220703125 476.899993896484375 503.399993896484375 530 556.5999755859375 569.70001220703125 582.0999755859375 594.5 606.9000244140625 619.5 641.5 664.0999755859375 686.70001220703125 709.29998779296875 732 768.29998779296875 805.29998779296875 842.5 879.5 916.5 929.70001220703125 941.5 953.20001220703125 964.9000244140625 976.70001220703125 980.5 983.79998779296875 987.0999755859375 990.29998779296875
414.399993896484375 415.29998779296875 416.100006103515625 417 417.899993896484375 420.899993896484375 423.899993896484375 426.899993896484375 430.100006103515625 433.20001220703125 433.5 433.70001220703125 434.100006103515625 434.399993896484375 434.70001220703125 435.100006103515625 435.399993896484375 435.79998779296875 436.100006103515625 436.5 454.5 480.899993896484375 507.399993896484375 533.9000244140625 560.29998779296875 573.9000244140625 586.70001220703125 599.5999755859375 612.4000244140625 625.29998779296875 647.20001220703125 669.5 692 714.29998779296875 736.70001220703125 769.5999755859375 803 836.5 870 903.4000244140625 916.5999755859375 928.5 940.5999755859375 952.5 964.4000244140625 969.9000244140625 974.9000244140625 979.9000244140625 984.79998779296875
412.79998779296875 414.29998779296875 415.79998779296875 417.29998779296875 418.899993896484375 422.5 426.20001220703125 429.79998779296875 433.5 437.20001220703125 436.20001220703125 434.899993896484375 433.79998779296875 432.5 431.20001220703125 432.70001220703125 434.399993896484375 436 437.600006103515625 439 458.79998779296875 485.100006103515625 511.399993896484375 537.70001220703125 564.0999755859375 578 591.29998779296875 604.5999755859375 617.9000244140625 631.20001220703125 652.9000244140625 675 697.20001220703125 719.29998779296875 741.4000244140625 770.9000244140625 800.70001220703125 830.5999755859375 860.4000244140625 890.29998779296875 903.5 915.5999755859375 927.79998779296875 940 952.20001220703125 959.20001220703125 965.9000244140625 972.5999755859375 979.29998779296875
