DatosClimaticos/DatosMaxEnt/2023/BIO14_2023.asc
ncols        206
nrows        206
xllcorner    -76.208333333333
yllcorner    4.492353333333
cellsize     0.008330000000
NODATA_value -9999
[rows 84 to 104 of 206, columns 141 to 187 of 206]
75 74.1999969482421875 74.6999969482421875 73.6999969482421875 69.09999847412109375 64.40000152587890625 59.799999237060546875 59.700000762939453125 59.90000152587890625 60.09999847412109375 60.299999237060546875 60.5 60.5 60.40000152587890625 60.299999237060546875 60.299999237060546875 60.200000762939453125 58.200000762939453125 56.09999847412109375 54 51.90000152587890625 49.799999237060546875 49.40000152587890625 49.09999847412109375 48.90000152587890625 48.59999847412109375 48.299999237060546875 48.200000762939453125 48.09999847412109375 48 47.90000152587890625 47.799999237060546875 47.40000152587890625 46.90000152587890625 46.40000152587890625 45.90000152587890625 45.40000152587890625 45.700000762939453125 46.09999847412109375 46.5 46.90000152587890625 47.299999237060546875 -9999 -9999 -9999 -9999 -9999
76.1999969482421875 75.40000152587890625 75.5 75 69.90000152587890625 64.8000030517578125 59.59999847412109375 59.799999237060546875 60.200000762939453125 60.700000762939453125 61.200000762939453125 61.700000762939453125 61.59999847412109375 61.59999847412109375 61.59999847412109375 61.59999847412109375 61.5 59.299999237060546875 57 54.700000762939453125 52.299999237060546875 50 49.5 49.200000762939453125 48.799999237060546875 48.5 48.09999847412109375 48.200000762939453125 48.299999237060546875 48.40000152587890625 48.40000152587890625 48.5 47.90000152587890625 47.299999237060546875 46.700000762939453125 46.09999847412109375 45.5 45.700000762939453125 46 46.299999237060546875 46.59999847412109375 46.90000152587890625 -9999 -9999 -9999 -9999 -9999
77.40000152587890625 76.5 76.3000030517578125 76.09999847412109375 70.8000030517578125 65.09999847412109375 59.5 59.90000152587890625 60.59999847412109375 61.299999237060546875 62 62.799999237060546875 62.799999237060546875 62.799999237060546875 62.799999237060546875 62.799999237060546875 62.799999237060546875 60.40000152587890625 57.90000152587890625 55.299999237060546875 52.700000762939453125 50.200000762939453125 49.59999847412109375 49.200000762939453125 48.799999237060546875 48.40000152587890625 48 48.200000762939453125 48.40000152587890625 48.700000762939453125 48.90000152587890625 49.200000762939453125 48.5 47.799999237060546875 47 46.299999237060546875 45.59999847412109375 45.700000762939453125 45.90000152587890625 46 46.200000762939453125 -9999 -9999 -9999 -9999 -9999 -9999
78.5 77.6999969482421875 77.09999847412109375 76.59999847412109375 71.59999847412109375 65.5 59.40000152587890625 59.90000152587890625 60.90000152587890625 61.90000152587890625 62.90000152587890625 63.90000152587890625 64 64 64.09999847412109375 64.09999847412109375 64.1999969482421875 61.5 58.700000762939453125 56 53.200000762939453125 50.40000152587890625 49.700000762939453125 49.299999237060546875 48.799999237060546875 48.299999237060546875 47.799999237060546875 48.200000762939453125 48.59999847412109375 49 49.40000152587890625 49.799999237060546875 49.09999847412109375 48.200000762939453125 47.40000152587890625 46.5 45.700000762939453125 45.700000762939453125 45.700000762939453125 45.799999237060546875 45.799999237060546875 -9999 -9999 -9999 -9999 -9999 -9999
80 79.1999969482421875 78.1999969482421875 77.1999969482421875 73.40000152587890625 68.09999847412109375 62.90000152587890625 62.700000762939453125 62.90000152587890625 63 63.200000762939453125 63.40000152587890625 63.700000762939453125 64 64.3000030517578125 64.59999847412109375 64.90000152587890625 62.299999237060546875 59.5 56.700000762939453125 53.799999237060546875 51 50.299999237060546875 49.799999237060546875 49.299999237060546875 48.700000762939453125 48.200000762939453125 48.40000152587890625 48.700000762939453125 49 49.200000762939453125 49.5 48.799999237060546875 48.09999847412109375 47.40000152587890625 46.59999847412109375 45.90000152587890625 45.799999237060546875 45.700000762939453125 45.700000762939453125 45.59999847412109375 -9999 -9999 -9999 -9999 -9999 -9999
81.5 80.6999969482421875 79.3000030517578125 77.8000030517578125 75.09999847412109375 70.8000030517578125 66.5 65.59999847412109375 64.90000152587890625 64.1999969482421875 63.5 62.700000762939453125 63.299999237060546875 63.90000152587890625 64.5 65.09999847412109375 65.6999969482421875 63.09999847412109375 60.200000762939453125 57.40000152587890625 54.5 51.700000762939453125 50.90000152587890625 50.299999237060546875 49.700000762939453125 49.09999847412109375 48.5 48.59999847412109375 48.799999237060546875 48.90000152587890625 49 49.09999847412109375 48.59999847412109375 48 47.299999237060546875 46.700000762939453125 46.09999847412109375 45.90000152587890625 45.700000762939453125 45.59999847412109375 45.40000152587890625 -9999 -9999 -9999 -9999 -9999 -9999
83 82.1999969482421875 80.40000152587890625 78.5 76.59999847412109375 73.5 70.09999847412109375 68.40000152587890625 66.90000152587890625 65.3000030517578125 63.700000762939453125 62.09999847412109375 62.90000152587890625 63.799999237060546875 64.6999969482421875 65.59999847412109375 66.5 63.799999237060546875 61 58.09999847412109375 55.200000762939453125 52.299999237060546875 51.5 50.90000152587890625 50.200000762939453125 49.59999847412109375 48.90000152587890625 48.799999237060546875 48.799999237060546875 48.799999237060546875 48.799999237060546875 48.799999237060546875 48.299999237060546875 47.799999237060546875 47.299999237060546875 46.799999237060546875 46.299999237060546875 46 45.700000762939453125 45.40000152587890625 45.200000762939453125 -9999 -9999 -9999 -9999 -9999 -9999
84.5 83.6999969482421875 81.5 79.09999847412109375 76.8000030517578125 74.5 72.1999969482421875 71.3000030517578125 68.90000152587890625 66.40000152587890625 64 61.5 62.5 63.700000762939453125 64.90000152587890625 66 66.3000030517578125 64.59999847412109375 61.700000762939453125 58.799999237060546875 55.90000152587890625 53 52.09999847412109375 51.40000152587890625 50.700000762939453125 50 49.299999237060546875 49.09999847412109375 48.90000152587890625 48.700000762939453125 48.59999847412109375 48.40000152587890625 48.09999847412109375 47.700000762939453125 47.299999237060546875 46.90000152587890625 46.59999847412109375 46.200000762939453125 45.700000762939453125 45.299999237060546875 44.90000152587890625 -9999 -9999 -9999 -9999 -9999 -9999
85.40000152587890625 85.09999847412109375 82.5 79.8000030517578125 77 74.3000030517578125 71.5 71.1999969482421875 70.8000030517578125 67.5 64.1999969482421875 60.90000152587890625 62.09999847412109375 63.59999847412109375 65 66.5 66.09999847412109375 65.3000030517578125 62.40000152587890625 59.5 56.59999847412109375 53.700000762939453125 52.700000762939453125 52 51.200000762939453125 50.40000152587890625 49.59999847412109375 49.299999237060546875 49 48.700000762939453125 48.40000152587890625 48 47.799999237060546875 47.5 47.299999237060546875 47.09999847412109375 46.799999237060546875 46.299999237060546875 45.799999237060546875 45.200000762939453125 44.700000762939453125 -9999 -9999 -9999 -9999 -9999 -9999
86.40000152587890625 85.5 83.1999969482421875 80.90000152587890625 78.5 76.1999969482421875 73.8000030517578125 73.1999969482421875 72.6999969482421875 71 67.59999847412109375 64.1999969482421875 64.90000152587890625 65.8000030517578125 66.6999969482421875 67.40000152587890625 66.5 66 63.200000762939453125 60.40000152587890625 57.59999847412109375 54.700000762939453125 53.90000152587890625 53.200000762939453125 52.5 51.700000762939453125 51 50.5 50 49.5 49 48.5 48 47.59999847412109375 47.200000762939453125 46.799999237060546875 46.40000152587890625 46 45.59999847412109375 45.200000762939453125 44.799999237060546875 44.40000152587890625 -9999 -9999 -9999 -9999 -9999
86.6999969482421875 85.8000030517578125 83.90000152587890625 82 80.09999847412109375 78.1999969482421875 76.3000030517578125 75.3000030517578125 74.40000152587890625 73.5 71.09999847412109375 67.59999847412109375 67.6999969482421875 68.09999847412109375 68.5 67.90000152587890625 66.90000152587890625 66.6999969482421875 64 61.299999237060546875 58.59999847412109375 55.799999237060546875 55 54.40000152587890625 53.700000762939453125 53.09999847412109375 52.40000152587890625 51.700000762939453125 51 50.299999237060546875 49.59999847412109375 48.90000152587890625 48.299999237060546875 47.700000762939453125 47.09999847412109375 46.59999847412109375 46 45.700000762939453125 45.40000152587890625 45.200000762939453125 -9999 -9999 -9999 -9999 -9999 -9999 -9999
87 86.09999847412109375 84.59999847412109375 83.1999969482421875 81.6999969482421875 80.1999969482421875 78.6999969482421875 77.40000152587890625 76.1999969482421875 74.90000152587890625 73.59999847412109375 71 70.59999847412109375 70.3000030517578125 69.3000030517578125 68.40000152587890625 67.40000152587890625 66.90000152587890625 64.8000030517578125 62.200000762939453125 59.59999847412109375 56.90000152587890625 56.200000762939453125 55.59999847412109375 55 54.40000152587890625 53.799999237060546875 53 52.09999847412109375 51.200000762939453125 50.299999237060546875 49.40000152587890625 48.59999847412109375 47.799999237060546875 47.09999847412109375 46.299999237060546875 45.59999847412109375 45.40000152587890625 45.299999237060546875 45.200000762939453125 -9999 -9999 -9999 -9999 -9999 -9999 -9999
87.3000030517578125 86.40000152587890625 85.3000030517578125 84.3000030517578125 83.3000030517578125 82.1999969482421875 81.1999969482421875 79.59999847412109375 77.90000152587890625 76.1999969482421875 74.59999847412109375 72.90000152587890625 71.90000152587890625 70.90000152587890625 69.8000030517578125 68.8000030517578125 67.8000030517578125 67.1999969482421875 65.59999847412109375 63.09999847412109375 60.59999847412109375 58 57.40000152587890625 56.799999237060546875 56.299999237060546875 55.799999237060546875 55.299999237060546875 54.200000762939453125 53.09999847412109375 52 50.90000152587890625 49.799999237060546875 48.90000152587890625 47.90000152587890625 47 46.09999847412109375 45.09999847412109375 45.09999847412109375 45.09999847412109375 45.09999847412109375 -9999 -9999 -9999 -9999 -9999 -9999 -9999
87.59999847412109375 86.59999847412109375 86 85.40000152587890625 84.8000030517578125 84.1999969482421875 83.59999847412109375 81.6999969482421875 79.59999847412109375 77.59999847412109375 75.5 73.5 72.40000152587890625 71.40000152587890625 70.3000030517578125 69.3000030517578125 68.1999969482421875 67.40000152587890625 66.40000152587890625 64 61.59999847412109375 59.09999847412109375 58.5 58.09999847412109375 57.59999847412109375 57.09999847412109375 56.700000762939453125 55.40000152587890625 54.09999847412109375 52.90000152587890625 51.59999847412109375 50.299999237060546875 49.09999847412109375 48 46.90000152587890625 45.799999237060546875 44.700000762939453125 44.799999237060546875 45 45.09999847412109375 -9999 -9999 -9999 -9999 -9999 -9999 -9999
88.3000030517578125 87.3000030517578125 86.5 85.8000030517578125 85 84.1999969482421875 83.40000152587890625 81.90000152587890625 80.40000152587890625 78.8000030517578125 77.3000030517578125 75.6999969482421875 74.1999969482421875 72.6999969482421875 71.1999969482421875 69.59999847412109375 68.09999847412109375 67.1999969482421875 66.40000152587890625 63.90000152587890625 61.5 59 58.40000152587890625 57.799999237060546875 57.200000762939453125 56.700000762939453125 56.09999847412109375 54.90000152587890625 53.59999847412109375 52.299999237060546875 51 49.700000762939453125 48.59999847412109375 47.59999847412109375 46.59999847412109375 45.5 44.5 44.5 44.59999847412109375 44.700000762939453125 -9999 -9999 -9999 -9999 -9999 -9999 -9999
89.09999847412109375 88 87 86 85 84 83.09999847412109375 82 81 80 79 78 76 74 72 70 67.90000152587890625 67 66.1999969482421875 63.799999237060546875 61.40000152587890625 58.90000152587890625 58.09999847412109375 57.5 56.799999237060546875 56.09999847412109375 55.5 54.200000762939453125 52.90000152587890625 51.59999847412109375 50.299999237060546875 49 48.09999847412109375 47.09999847412109375 46.200000762939453125 45.200000762939453125 44.299999237060546875 44.200000762939453125 -9999 -9999 -9999 -9999 -9999 -9999 -9999 -9999 -9999
89.8000030517578125 88.6999969482421875 87.5 86.3000030517578125 85.09999847412109375 83.90000152587890625 82.6999969482421875 82.1999969482421875 81.6999969482421875 81.1999969482421875 80.8000030517578125 80.3000030517578125 77.90000152587890625 75.40000152587890625 72.8000030517578125 70.3000030517578125 67.8000030517578125 66.90000152587890625 66 63.700000762939453125 61.299999237060546875 58.799999237060546875 57.90000152587890625 57.09999847412109375 56.40000152587890625 55.59999847412109375 54.799999237060546875 53.5 52.299999237060546875 51 49.700000762939453125 48.40000152587890625 47.5 46.59999847412109375 45.799999237060546875 44.90000152587890625 44.09999847412109375 44 -9999 -9999 -9999 -9999 -9999 -9999 -9999 -9999 -9999
90.59999847412109375 89.40000152587890625 88 86.59999847412109375 85.1999969482421875 83.8000030517578125 82.40000152587890625 82.3000030517578125 82.40000152587890625 82.5 82.5 82.59999847412109375 79.6999969482421875 76.6999969482421875 73.6999969482421875 70.59999847412109375 67.59999847412109375 66.6999969482421875 65.90000152587890625 63.59999847412109375 61.200000762939453125 58.700000762939453125 57.700000762939453125 56.799999237060546875 55.90000152587890625 55 54.09999847412109375 52.90000152587890625 51.59999847412109375 50.299999237060546875 49 47.799999237060546875 46.90000152587890625 46.200000762939453125 45.40000152587890625 44.59999847412109375 43.90000152587890625 43.700000762939453125 -9999 -9999 -9999 -9999 -9999 -9999 -9999 -9999 -9999
91.3000030517578125 90.09999847412109375 88.5 86.90000152587890625 85.3000030517578125 83.59999847412109375 82 82.5 83.09999847412109375 83.6999969482421875 84.3000030517578125 84.90000152587890625 81.59999847412109375 78 74.5 71 67.40000152587890625 66.5 65.6999969482421875 63.5 61 58.59999847412109375 57.5 56.5 55.5 54.5 53.5 52.200000762939453125 51 49.700000762939453125 48.40000152587890625 47.09999847412109375 46.40000152587890625 45.700000762939453125 45 44.299999237060546875 43.700000762939453125 -9999 -9999 -9999 -9999 -9999 -9999 -9999 -9999 -9999 -9999
91.59999847412109375 90.40000152587890625 88.90000152587890625 87.40000152587890625 86 84.5 83 83.40000152587890625 83.8000030517578125 84.3000030517578125 84.8000030517578125 85.3000030517578125 81.90000152587890625 78.3000030517578125 74.59999847412109375 71 67.40000152587890625 66.3000030517578125 65.5 64.1999969482421875 61.59999847412109375 58.90000152587890625 57.700000762939453125 56.700000762939453125 55.59999847412109375 54.5 53.40000152587890625 52 50.700000762939453125 49.299999237060546875 48 46.59999847412109375 45.90000152587890625 45.200000762939453125 44.59999847412109375 43.90000152587890625 -9999 -9999 -9999 -9999 -9999 -9999 -9999 -9999 -9999 -9999 -9999
91.90000152587890625 90.59999847412109375 89.3000030517578125 88 86.6999969482421875 85.40000152587890625 84.09999847412109375 84.3000030517578125 84.59999847412109375 84.90000152587890625 85.3000030517578125 85.59999847412109375 82.09999847412109375 78.40000152587890625 74.6999969482421875 71 67.3000030517578125 66.1999969482421875 65.3000030517578125 64.40000152587890625 62.09999847412109375 59.299999237060546875 58 56.799999237060546875 55.700000762939453125 54.5 53.299999237060546875 51.90000152587890625 50.40000152587890625 49 47.5 46.09999847412109375 45.40000152587890625 44.700000762939453125 44.09999847412109375 43.5 42.799999237060546875 -9999 -9999 -9999 -9999 -9999 -9999 -9999 -9999 -9999 -9999
