DatosClimaticos/DatosMaxEnt/2023/BIO14_2023.asc
ncols        206
nrows        206
xllcorner    -76.208333333333
yllcorner    4.492353333333
cellsize     0.008330000000
NODATA_value -9999
[rows 105 to 125 of 206, columns 94 to 140 of 206]
87.5 91.8000030517578125 96.09999847412109375 100.5 96.90000152587890625 92.5 88.09999847412109375 83.8000030517578125 79.40000152587890625 79.3000030517578125 79.3000030517578125 79.40000152587890625 79.40000152587890625 79.5 74.6999969482421875 69.90000152587890625 65 60.200000762939453125 55.299999237060546875 56.09999847412109375 57.09999847412109375 58.200000762939453125 59.299999237060546875 60.299999237060546875 60.700000762939453125 61.09999847412109375 61.5 61.799999237060546875 62.200000762939453125 65.09999847412109375 68 71 74 76.90000152587890625 80.1999969482421875 83.40000152587890625 86.6999969482421875 90 93.1999969482421875 93.5 93.59999847412109375 93.6999969482421875 93.8000030517578125 93.90000152587890625 92.8000030517578125 91.6999969482421875 90.5
82.5 87.40000152587890625 92.3000030517578125 97.1999969482421875 99.1999969482421875 94.8000030517578125 90.40000152587890625 86 81.59999847412109375 82.3000030517578125 83.3000030517578125 84.1999969482421875 85.1999969482421875 83.1999969482421875 77.40000152587890625 71.8000030517578125 66.1999969482421875 60.59999847412109375 54.90000152587890625 56.5 58.5 60.40000152587890625 62.299999237060546875 64.3000030517578125 64.1999969482421875 64 63.799999237060546875 63.59999847412109375 63.40000152587890625 66.09999847412109375 68.8000030517578125 71.59999847412109375 74.40000152587890625 77.1999969482421875 80.3000030517578125 83.3000030517578125 86.3000030517578125 89.40000152587890625 92.40000152587890625 92.3000030517578125 92 91.6999969482421875 91.40000152587890625 91.09999847412109375 89.5 87.90000152587890625 86.3000030517578125
77.5 83 88.5 94 101.59999847412109375 97.1999969482421875 92.6999969482421875 88.1999969482421875 83.8000030517578125 85.40000152587890625 86.6999969482421875 86.6999969482421875 86.59999847412109375 86.5 80.09999847412109375 73.8000030517578125 67.40000152587890625 61 54.59999847412109375 57 59.799999237060546875 62.59999847412109375 65.40000152587890625 68.1999969482421875 67.59999847412109375 66.90000152587890625 66.09999847412109375 65.3000030517578125 64.59999847412109375 67 69.6999969482421875 72.3000030517578125 74.90000152587890625 77.59999847412109375 80.40000152587890625 83.1999969482421875 86 88.8000030517578125 91.59999847412109375 91.09999847412109375 90.40000152587890625 89.6999969482421875 89 88.3000030517578125 86.1999969482421875 84.09999847412109375 82
73.59999847412109375 77.40000152587890625 81.3000030517578125 85.1999969482421875 92.5 99 95 91 87 86.6999969482421875 86.59999847412109375 86.5 86.40000152587890625 86.3000030517578125 85.40000152587890625 79.6999969482421875 74.09999847412109375 68.40000152587890625 62.799999237060546875 63.5 64.59999847412109375 65.59999847412109375 66.6999969482421875 67.6999969482421875 67.6999969482421875 67.59999847412109375 67.5 67.3000030517578125 67.1999969482421875 69.6999969482421875 72.40000152587890625 75 77.59999847412109375 80.1999969482421875 82.1999969482421875 84.09999847412109375 85.90000152587890625 87.8000030517578125 89.6999969482421875 89.40000152587890625 88.90000152587890625 88.40000152587890625 87.90000152587890625 87.40000152587890625 85 82.5 80.09999847412109375
69.6999969482421875 71.8000030517578125 73.90000152587890625 76.09999847412109375 82.59999847412109375 89.40000152587890625 95.59999847412109375 91.3000030517578125 87 86.6999969482421875 86.5 86.3000030517578125 86.1999969482421875 86 86.59999847412109375 85.90000152587890625 81 76.1999969482421875 71.3000030517578125 70.3000030517578125 69.5 68.6999969482421875 67.8000030517578125 67 67.59999847412109375 68.1999969482421875 68.8000030517578125 69.40000152587890625 70 72.5 75.09999847412109375 77.8000030517578125 80.40000152587890625 83 84.09999847412109375 85 85.90000152587890625 86.90000152587890625 87.8000030517578125 87.59999847412109375 87.40000152587890625 87.09999847412109375 86.90000152587890625 86.59999847412109375 83.90000152587890625 81 78.1999969482421875
65.90000152587890625 66.1999969482421875 66.59999847412109375 67 72.6999969482421875 78.6999969482421875 84.6999969482421875 90.6999969482421875 87 86.59999847412109375 86.40000152587890625 86.1999969482421875 86 85.8000030517578125 86.5 87.1999969482421875 87.90000152587890625 83.90000152587890625 79.8000030517578125 77.09999847412109375 74.40000152587890625 71.6999969482421875 69 66.3000030517578125 67.40000152587890625 68.8000030517578125 70.09999847412109375 71.40000152587890625 72.6999969482421875 75.3000030517578125 77.90000152587890625 80.59999847412109375 83.1999969482421875 85.8000030517578125 86 85.90000152587890625 85.90000152587890625 85.90000152587890625 85.90000152587890625 85.90000152587890625 85.90000152587890625 85.90000152587890625 85.90000152587890625 85.90000152587890625 82.8000030517578125 79.5 76.3000030517578125
62 60.59999847412109375 59.200000762939453125 57.799999237060546875 62.799999237060546875 68.09999847412109375 73.3000030517578125 78.59999847412109375 83.8000030517578125 86.59999847412109375 86.3000030517578125 86.09999847412109375 85.8000030517578125 85.59999847412109375 86.3000030517578125 87.1999969482421875 88 88.90000152587890625 88.40000152587890625 83.90000152587890625 79.3000030517578125 74.8000030517578125 70.1999969482421875 65.59999847412109375 67.3000030517578125 69.40000152587890625 71.40000152587890625 73.40000152587890625 75.40000152587890625 78 80.6999969482421875 83.3000030517578125 86 88.59999847412109375 87.90000152587890625 86.90000152587890625 85.90000152587890625 85 84 84.1999969482421875 84.40000152587890625 84.59999847412109375 84.90000152587890625 85.09999847412109375 81.6999969482421875 78 74.40000152587890625
58.200000762939453125 55 51.90000152587890625 48.700000762939453125 52.90000152587890625 57.40000152587890625 61.90000152587890625 66.40000152587890625 70.90000152587890625 78.40000152587890625 86 85.90000152587890625 85.59999847412109375 85.3000030517578125 86.1999969482421875 87.1999969482421875 88.09999847412109375 89.09999847412109375 90 90 84.1999969482421875 77.8000030517578125 71.40000152587890625 64.90000152587890625 67.1999969482421875 70 72.6999969482421875 75.40000152587890625 78.09999847412109375 80.8000030517578125 83.5 86.09999847412109375 88.8000030517578125 91.40000152587890625 89.8000030517578125 87.8000030517578125 85.90000152587890625 84 82.09999847412109375 82.40000152587890625 82.90000152587890625 83.40000152587890625 83.8000030517578125 84.3000030517578125 80.5 76.5 72.5
59.299999237060546875 56.90000152587890625 54.5 52.09999847412109375 55.59999847412109375 59.299999237060546875 63 66.6999969482421875 70.40000152587890625 76.3000030517578125 82.3000030517578125 87.1999969482421875 87 86.6999969482421875 87.5 88.1999969482421875 89 89.8000030517578125 90.5 90.6999969482421875 86.90000152587890625 81.59999847412109375 76.40000152587890625 71.09999847412109375 72.5 74.3000030517578125 76.09999847412109375 77.90000152587890625 79.59999847412109375 82.1999969482421875 84.8000030517578125 87.40000152587890625 90 92.59999847412109375 90.6999969482421875 88.5 86.3000030517578125 84.1999969482421875 82 81.90000152587890625 81.90000152587890625 81.8000030517578125 81.8000030517578125 81.8000030517578125 78.1999969482421875 74.3000030517578125 70.5
60.700000762939453125 59.200000762939453125 57.59999847412109375 56.09999847412109375 58.90000152587890625 61.799999237060546875 64.6999969482421875 67.59999847412109375 70.59999847412109375 74.59999847412109375 78.6999969482421875 82.8000030517578125 86.8000030517578125 88.1999969482421875 88.8000030517578125 89.3000030517578125 89.90000152587890625 90.5 91.09999847412109375 91.5 89.5 85.5 81.59999847412109375 77.59999847412109375 78.09999847412109375 78.90000152587890625 79.59999847412109375 80.3000030517578125 81.09999847412109375 83.5 86.09999847412109375 88.59999847412109375 91.09999847412109375 93.6999969482421875 91.59999847412109375 89.1999969482421875 86.8000030517578125 84.40000152587890625 82 81.40000152587890625 80.8000030517578125 80.3000030517578125 79.8000030517578125 79.1999969482421875 75.6999969482421875 72.09999847412109375 68.40000152587890625
62.09999847412109375 61.40000152587890625 60.799999237060546875 60.09999847412109375 62.09999847412109375 64.3000030517578125 66.40000152587890625 68.59999847412109375 70.6999969482421875 72.90000152587890625 75.09999847412109375 77.1999969482421875 79.40000152587890625 81.59999847412109375 84.6999969482421875 87.8000030517578125 90.8000030517578125 91.1999969482421875 91.59999847412109375 92.1999969482421875 92.09999847412109375 89.40000152587890625 86.8000030517578125 84.09999847412109375 83.6999969482421875 83.40000152587890625 83.09999847412109375 82.8000030517578125 82.5 84.8000030517578125 87.3000030517578125 89.8000030517578125 92.3000030517578125 94.8000030517578125 92.40000152587890625 89.8000030517578125 87.1999969482421875 84.59999847412109375 82 80.90000152587890625 79.8000030517578125 78.8000030517578125 77.6999969482421875 76.59999847412109375 73.3000030517578125 69.90000152587890625 66.40000152587890625
63.5 63.700000762939453125 63.90000152587890625 64.09999847412109375 65.40000152587890625 66.8000030517578125 68.09999847412109375 69.5 70.8000030517578125 71.1999969482421875 71.40000152587890625 71.6999969482421875 72 72.1999969482421875 77 82 87 91.90000152587890625 92.09999847412109375 93 93.90000152587890625 93.3000030517578125 91.90000152587890625 90.59999847412109375 89.3000030517578125 87.90000152587890625 86.59999847412109375 85.3000030517578125 83.90000152587890625 86.1999969482421875 88.59999847412109375 91 93.40000152587890625 95.8000030517578125 93.3000030517578125 90.5 87.6999969482421875 84.90000152587890625 82 80.40000152587890625 78.8000030517578125 77.1999969482421875 75.59999847412109375 74 70.90000152587890625 67.59999847412109375 64.40000152587890625
64.90000152587890625 66 67 68.09999847412109375 68.6999969482421875 69.1999969482421875 69.8000030517578125 70.40000152587890625 71 69.40000152587890625 67.8000030517578125 66.1999969482421875 64.5 62.90000152587890625 69.40000152587890625 76.3000030517578125 83.1999969482421875 90.09999847412109375 92.59999847412109375 93.6999969482421875 94.90000152587890625 96.09999847412109375 97.09999847412109375 97.09999847412109375 94.8000030517578125 92.5 90.09999847412109375 87.6999969482421875 85.40000152587890625 87.5 89.8000030517578125 92.1999969482421875 94.59999847412109375 96.90000152587890625 94.1999969482421875 91.09999847412109375 88.09999847412109375 85.09999847412109375 82.09999847412109375 79.90000152587890625 77.8000030517578125 75.6999969482421875 73.59999847412109375 71.40000152587890625 68.40000152587890625 65.40000152587890625 62.299999237060546875
66.5 67.40000152587890625 68.40000152587890625 69.3000030517578125 69.09999847412109375 68.8000030517578125 68.5 68.3000030517578125 68 66.59999847412109375 65.09999847412109375 63.59999847412109375 62.09999847412109375 60.59999847412109375 66.09999847412109375 71.8000030517578125 77.59999847412109375 83.3000030517578125 89.09999847412109375 90.8000030517578125 92.3000030517578125 93.8000030517578125 95.3000030517578125 96.90000152587890625 95.3000030517578125 93.59999847412109375 91.90000152587890625 90.1999969482421875 88.5 89.90000152587890625 91.40000152587890625 92.90000152587890625 94.5 96 93.09999847412109375 89.90000152587890625 86.6999969482421875 83.5 80.3000030517578125 78.5 76.6999969482421875 74.90000152587890625 73.09999847412109375 71.3000030517578125 68.1999969482421875 64.90000152587890625 61.700000762939453125
68.09999847412109375 68.90000152587890625 69.6999969482421875 70.5 69.40000152587890625 68.3000030517578125 67.09999847412109375 66 64.8000030517578125 63.59999847412109375 62.40000152587890625 61.200000762939453125 59.90000152587890625 58.700000762939453125 62.90000152587890625 67.40000152587890625 71.8000030517578125 76.3000030517578125 80.6999969482421875 83.90000152587890625 87 90.09999847412109375 93.1999969482421875 96.3000030517578125 95.5 94.59999847412109375 93.59999847412109375 92.6999969482421875 91.6999969482421875 92.3000030517578125 93 93.59999847412109375 94.3000030517578125 95 91.8000030517578125 88.5 85.1999969482421875 81.90000152587890625 78.5 77 75.59999847412109375 74.1999969482421875 72.6999969482421875 71.3000030517578125 68 64.59999847412109375 61.09999847412109375
69.6999969482421875 70.3000030517578125 71 71.59999847412109375 69.6999969482421875 67.6999969482421875 65.6999969482421875 63.700000762939453125 61.700000762939453125 60.700000762939453125 59.700000762939453125 58.700000762939453125 57.799999237060546875 56.799999237060546875 59.799999237060546875 62.90000152587890625 66.09999847412109375 69.3000030517578125 72.40000152587890625 77 81.6999969482421875 86.40000152587890625 91 95.6999969482421875 95.6999969482421875 95.5 95.3000030517578125 95.09999847412109375 94.90000152587890625 94.6999969482421875 94.5 94.3000030517578125 94.09999847412109375 93.90000152587890625 90.59999847412109375 87.09999847412109375 83.6999969482421875 80.1999969482421875 76.6999969482421875 75.5 74.5 73.40000152587890625 72.40000152587890625 71.3000030517578125 67.8000030517578125 64.1999969482421875 60.5
71.3000030517578125 71.8000030517578125 72.3000030517578125 72.8000030517578125 70 67.1999969482421875 64.3000030517578125 61.40000152587890625 58.59999847412109375 57.700000762939453125 57 56.299999237060546875 55.59999847412109375 54.799999237060546875 56.59999847412109375 58.5 60.40000152587890625 62.200000762939453125 64.09999847412109375 70.1999969482421875 76.40000152587890625 82.59999847412109375 88.90000152587890625 95.09999847412109375 95.90000152587890625 96.5 97.09999847412109375 97.59999847412109375 98.1999969482421875 97.1999969482421875 96.09999847412109375 95 94 92.90000152587890625 89.40000152587890625 85.8000030517578125 82.09999847412109375 78.5 74.90000152587890625 74.09999847412109375 73.40000152587890625 72.6999969482421875 72 71.3000030517578125 67.59999847412109375 63.799999237060546875 60
72.90000152587890625 73.1999969482421875 73.59999847412109375 73.90000152587890625 70.40000152587890625 66.59999847412109375 62.90000152587890625 59.09999847412109375 55.40000152587890625 54.799999237060546875 54.299999237060546875 53.90000152587890625 53.40000152587890625 52.90000152587890625 53.5 54 54.59999847412109375 55.200000762939453125 55.799999237060546875 63.299999237060546875 71.09999847412109375 78.90000152587890625 86.6999969482421875 94.59999847412109375 96.1999969482421875 97.5 98.8000030517578125 100.09999847412109375 101.40000152587890625 99.59999847412109375 97.6999969482421875 95.6999969482421875 93.8000030517578125 91.90000152587890625 88.1999969482421875 84.40000152587890625 80.59999847412109375 76.90000152587890625 73.09999847412109375 72.59999847412109375 72.3000030517578125 72 71.59999847412109375 71.3000030517578125 67.5 63.40000152587890625 59.40000152587890625
72.1999969482421875 72.59999847412109375 72.90000152587890625 73.1999969482421875 69.6999969482421875 66 62.299999237060546875 58.700000762939453125 55 54.700000762939453125 54.5 54.299999237060546875 54.09999847412109375 53.90000152587890625 55.200000762939453125 56.5 57.799999237060546875 59.09999847412109375 60.5 67.5 74.90000152587890625 82.1999969482421875 89.5 96.90000152587890625 97.59999847412109375 98.09999847412109375 98.5 98.90000152587890625 99.40000152587890625 97.90000152587890625 96.3000030517578125 94.6999969482421875 93.09999847412109375 91.5 88.3000030517578125 85 81.6999969482421875 78.40000152587890625 75.09999847412109375 74.40000152587890625 73.8000030517578125 73.1999969482421875 72.59999847412109375 72.09999847412109375 68.09999847412109375 64 59.90000152587890625
71.5 71.8000030517578125 72.09999847412109375 72.40000152587890625 69 65.40000152587890625 61.90000152587890625 58.299999237060546875 54.700000762939453125 54.700000762939453125 54.799999237060546875 54.90000152587890625 55 55.09999847412109375 57.200000762939453125 59.299999237060546875 61.5 63.59999847412109375 65.8000030517578125 72.3000030517578125 79.09999847412109375 85.8000030517578125 92.59999847412109375 99.3000030517578125 99.09999847412109375 98.59999847412109375 98.09999847412109375 97.59999847412109375 97.09999847412109375 95.90000152587890625 94.6999969482421875 93.5 92.3000030517578125 91.09999847412109375 88.40000152587890625 85.59999847412109375 82.90000152587890625 80.09999847412109375 77.40000152587890625 76.40000152587890625 75.5 74.59999847412109375 73.6999969482421875 72.8000030517578125 68.8000030517578125 64.6999969482421875 60.5
70.6999969482421875 71 71.3000030517578125 71.59999847412109375 68.3000030517578125 64.8000030517578125 61.40000152587890625 57.90000152587890625 54.40000152587890625 54.700000762939453125 55.09999847412109375 55.5 55.90000152587890625 56.299999237060546875 59.200000762939453125 62.200000762939453125 65.1999969482421875 68.1999969482421875 71.09999847412109375 77.09999847412109375 83.3000030517578125 89.40000152587890625 95.59999847412109375 101.6999969482421875 100.6999969482421875 99.1999969482421875 97.6999969482421875 96.3000030517578125 94.8000030517578125 94 93.1999969482421875 92.40000152587890625 91.59999847412109375 90.6999969482421875 88.59999847412109375 86.3000030517578125 84.09999847412109375 81.8000030517578125 79.59999847412109375 78.3000030517578125 77.1999969482421875 76 74.8000030517578125 73.59999847412109375 69.5 65.3000030517578125 61.09999847412109375
