DatosClimaticos/DatosMaxEnt/2023/BIO16_2023.asc
ncols        206
nrows        206
xllcorner    -76.208333333333
yllcorner    4.492353333333
cellsize     0.008330000000
NODATA_value -9999
[rows 176 to 197 of 206, columns 98 to 146 of 206]
411.29998779296875 413.5 415.600006103515625 417.70001220703125 419.899993896484375 424.100006103515625 428.399993896484375 432.70001220703125 437 441.29998779296875 438.899993896484375 436.100006103515625 433.29998779296875 430.5 427.79998779296875 430.399993896484375 433.20001220703125 436.100006103515625 438.899993896484375 441.79998779296875 463.100006103515625 489.20001220703125 515.4000244140625 541.70001220703125 567.79998779296875 582.0999755859375 595.79998779296875 609.5999755859375 623.29998779296875 637 658.5 680.4000244140625 702.29998779296875 724.29998779296875 746 772.20001220703125 798.5 824.70001220703125 851 877.20001220703125 890.29998779296875 902.79998779296875 915.0999755859375 927.5999755859375 939.9000244140625 948.5 957 965.4000244140625 973.79998779296875
409.70001220703125 412.399993896484375 415.29998779296875 418.100006103515625 421 425.70001220703125 430.600006103515625 435.5 440.399993896484375 445.399993896484375 441.399993896484375 437.20001220703125 432.899993896484375 428.600006103515625 424.399993896484375 428 432.100006103515625 436.20001220703125 440.29998779296875 444.399993896484375 467.29998779296875 493.399993896484375 519.5 545.5 571.5 586.29998779296875 600.4000244140625 614.5999755859375 628.70001220703125 642.79998779296875 664.0999755859375 685.79998779296875 707.5 729.0999755859375 750.79998779296875 773.4000244140625 796 818.79998779296875 841.5 864.0999755859375 877.29998779296875 889.9000244140625 902.4000244140625 915 927.70001220703125 937.9000244140625 947.9000244140625 958.0999755859375 968.20001220703125
404.100006103515625 406.70001220703125 409.5 412.29998779296875 415 419.100006103515625 423.399993896484375 427.70001220703125 432 436.20001220703125 433.79998779296875 431.100006103515625 428.29998779296875 425.70001220703125 422.899993896484375 426.600006103515625 430.600006103515625 434.600006103515625 439.29998779296875 448.399993896484375 473.399993896484375 499.29998779296875 525.0999755859375 551 576.79998779296875 591.70001220703125 606.0999755859375 620.5 634.9000244140625 649.29998779296875 669.5 690 710.70001220703125 731.29998779296875 752 773.4000244140625 794.79998779296875 816.20001220703125 837.70001220703125 859.0999755859375 872.20001220703125 884.9000244140625 897.5999755859375 910.20001220703125 922.9000244140625 932.5999755859375 942.0999755859375 951.5999755859375 961.0999755859375
398.100006103515625 400.70001220703125 403.29998779296875 405.899993896484375 408.5 412 415.5 419 422.5 426 425.100006103515625 424.29998779296875 423.399993896484375 422.5 421.600006103515625 425.20001220703125 429 432.79998779296875 441.70001220703125 454.600006103515625 479.70001220703125 505.29998779296875 530.9000244140625 556.5999755859375 582.20001220703125 597.29998779296875 611.9000244140625 626.4000244140625 641.0999755859375 655.5999755859375 674.9000244140625 694.4000244140625 713.9000244140625 733.4000244140625 752.9000244140625 773.29998779296875 793.5999755859375 813.9000244140625 834.29998779296875 854.70001220703125 867.9000244140625 880.5 893.20001220703125 906 918.70001220703125 927.70001220703125 936.5 945.29998779296875 954
392.20001220703125 394.600006103515625 397.20001220703125 399.600006103515625 402.100006103515625 404.79998779296875 407.5 410.20001220703125 412.899993896484375 415.70001220703125 416.70001220703125 417.600006103515625 418.600006103515625 419.5 420.399993896484375 423.899993896484375 427.399993896484375 431 444.100006103515625 460.899993896484375 485.899993896484375 511.399993896484375 536.70001220703125 562.0999755859375 587.5 602.79998779296875 617.5999755859375 632.4000244140625 647.20001220703125 661.9000244140625 680.20001220703125 698.5999755859375 717 735.4000244140625 753.79998779296875 773 792.4000244140625 811.70001220703125 831 850.29998779296875 863.5 876.20001220703125 889 901.79998779296875 914.5999755859375 922.9000244140625 930.9000244140625 938.9000244140625 947
386.29998779296875 388.600006103515625 390.899993896484375 393.20001220703125 395.600006103515625 397.600006103515625 399.600006103515625 401.5 403.5 405.399993896484375 408.20001220703125 410.79998779296875 413.70001220703125 416.5 419.100006103515625 422.5 425.79998779296875 429.29998779296875 446.600006103515625 467.20001220703125 492.29998779296875 517.4000244140625 542.5999755859375 567.70001220703125 592.9000244140625 608.4000244140625 623.4000244140625 638.4000244140625 653.4000244140625 668.29998779296875 685.5 702.9000244140625 720.20001220703125 737.4000244140625 754.79998779296875 772.9000244140625 791.0999755859375 809.5 827.70001220703125 845.9000244140625 859.0999755859375 871.79998779296875 884.79998779296875 897.5999755859375 910.29998779296875 918 925.20001220703125 932.5999755859375 939.79998779296875
380.5 382.600006103515625 384.79998779296875 387 389.20001220703125 390.399993896484375 391.600006103515625 392.79998779296875 393.899993896484375 395.20001220703125 399.600006103515625 404.20001220703125 408.70001220703125 413.29998779296875 417.899993896484375 421.100006103515625 424.20001220703125 427.29998779296875 449 473.5 498.399993896484375 523.4000244140625 548.29998779296875 573.29998779296875 598.29998779296875 614 629.0999755859375 644.4000244140625 659.5999755859375 674.70001220703125 690.9000244140625 707.0999755859375 723.20001220703125 739.4000244140625 755.79998779296875 772.9000244140625 790 807.20001220703125 824.4000244140625 841.5999755859375 854.70001220703125 867.5999755859375 880.4000244140625 893.29998779296875 906.20001220703125 913.0999755859375 919.5999755859375 926.0999755859375 932.5999755859375
388.899993896484375 389.70001220703125 390.399993896484375 391.100006103515625 391.79998779296875 392.399993896484375 393.100006103515625 393.70001220703125 394.399993896484375 395.100006103515625 400.29998779296875 405.70001220703125 411.100006103515625 416.399993896484375 421.79998779296875 424 426.100006103515625 428.29998779296875 443.20001220703125 465.600006103515625 488.79998779296875 511.899993896484375 535 558.0999755859375 581.20001220703125 598.4000244140625 615.5 632.4000244140625 649.4000244140625 666.29998779296875 683.9000244140625 701.5 719.0999755859375 736.70001220703125 754.4000244140625 771.5 788.5999755859375 805.9000244140625 823 840.0999755859375 852.9000244140625 865.29998779296875 877.70001220703125 890.20001220703125 902.5999755859375 907.9000244140625 912.70001220703125 917.5999755859375 922.4000244140625
398.70001220703125 397.70001220703125 396.899993896484375 396 395.20001220703125 395.29998779296875 395.5 395.600006103515625 395.79998779296875 395.899993896484375 401.70001220703125 407.79998779296875 413.79998779296875 420 426.100006103515625 427.20001220703125 428.29998779296875 429.20001220703125 436.79998779296875 456.79998779296875 477.899993896484375 499 520.0999755859375 541.29998779296875 562.29998779296875 581.29998779296875 600.20001220703125 619 637.9000244140625 656.79998779296875 676 695.20001220703125 714.29998779296875 733.5 752.70001220703125 770.0999755859375 787.29998779296875 804.5 821.70001220703125 838.9000244140625 851.20001220703125 863.0999755859375 875.0999755859375 887.0999755859375 899 902.5999755859375 905.79998779296875 908.70001220703125 911.9000244140625
408.399993896484375 405.899993896484375 403.399993896484375 400.899993896484375 398.5 398.100006103515625 397.70001220703125 397.29998779296875 397 396.600006103515625 403.100006103515625 409.899993896484375 416.70001220703125 423.600006103515625 430.399993896484375 430.5 430.399993896484375 430.29998779296875 430.399993896484375 447.899993896484375 467 486 505.20001220703125 524.29998779296875 543.5 564.20001220703125 584.9000244140625 605.79998779296875 626.5999755859375 647.4000244140625 668.0999755859375 688.79998779296875 709.70001220703125 730.29998779296875 751.20001220703125 768.5999755859375 785.9000244140625 803.20001220703125 820.5 837.70001220703125 849.5 861 872.4000244140625 884 895.5 897.29998779296875 898.70001220703125 900.0999755859375 901.4000244140625
419.100006103515625 413.899993896484375 409.899993896484375 405.899993896484375 401.899993896484375 400.899993896484375 400.100006103515625 399 398.20001220703125 397.29998779296875 404.5 412 419.600006103515625 427 434.600006103515625 433.79998779296875 432.600006103515625 431.399993896484375 430.20001220703125 439 456.100006103515625 473.20001220703125 490.399993896484375 507.399993896484375 524.5999755859375 547 569.70001220703125 592.4000244140625 615.0999755859375 637.79998779296875 660.20001220703125 682.5999755859375 704.79998779296875 727.20001220703125 749.5 767.20001220703125 784.5999755859375 801.9000244140625 819.20001220703125 836.5 847.9000244140625 858.9000244140625 869.9000244140625 880.79998779296875 891.79998779296875 892.0999755859375 891.70001220703125 891.29998779296875 890.9000244140625
429.79998779296875 422.29998779296875 416.5 410.79998779296875 405.20001220703125 403.70001220703125 402.20001220703125 400.899993896484375 399.5 398.20001220703125 405.79998779296875 414.20001220703125 422.399993896484375 430.600006103515625 438.79998779296875 437 434.79998779296875 432.399993896484375 430.20001220703125 430.100006103515625 445.20001220703125 460.29998779296875 475.5 490.5 505.70001220703125 529.9000244140625 554.4000244140625 579 603.70001220703125 628.29998779296875 652.0999755859375 676.20001220703125 700.20001220703125 724 748.0999755859375 765.70001220703125 783.20001220703125 800.5999755859375 817.9000244140625 835.29998779296875 846.20001220703125 856.70001220703125 867.29998779296875 877.79998779296875 888.20001220703125 886.9000244140625 884.70001220703125 882.5 880.29998779296875
443.399993896484375 435.600006103515625 427.600006103515625 419.79998779296875 413.79998779296875 413.5 413.399993896484375 413.399993896484375 413.399993896484375 413.399993896484375 419.100006103515625 425 430.899993896484375 436.70001220703125 442.600006103515625 440.5 438.100006103515625 435.600006103515625 433.100006103515625 432 445.600006103515625 459.399993896484375 473.100006103515625 487 500.600006103515625 524.29998779296875 548.4000244140625 572.5999755859375 596.79998779296875 620.79998779296875 645.0999755859375 669.4000244140625 693.5999755859375 717.9000244140625 742.0999755859375 759.0999755859375 775.5 791.9000244140625 808.5 824.79998779296875 834.79998779296875 844.4000244140625 854 863.5999755859375 873.20001220703125 872.5999755859375 871.4000244140625 870.0999755859375 868.79998779296875
457.100006103515625 449.100006103515625 441 432.79998779296875 424.70001220703125 425.20001220703125 426.100006103515625 427 428.5 430.100006103515625 433.20001220703125 436.5 439.79998779296875 443 446.20001220703125 444.100006103515625 441.5 438.899993896484375 436.399993896484375 434.600006103515625 447 459.399993896484375 471.79998779296875 484.29998779296875 496.70001220703125 519.70001220703125 543.20001220703125 566.5 590 613.5 638 662.5 687.0999755859375 711.5 735.9000244140625 751.9000244140625 767.29998779296875 782.79998779296875 798.20001220703125 813.5999755859375 822.5999755859375 831.20001220703125 839.9000244140625 848.5 857.0999755859375 857.5 857.4000244140625 857.4000244140625 857.5
471.100006103515625 462.600006103515625 454.20001220703125 445.79998779296875 437.5 439.20001220703125 441.29998779296875 443.5 445.600006103515625 447.79998779296875 448 448.100006103515625 448.70001220703125 449.29998779296875 450 447.5 444.899993896484375 442.20001220703125 439.70001220703125 437.399993896484375 448.399993896484375 459.5 470.600006103515625 481.600006103515625 492.70001220703125 514.9000244140625 537.79998779296875 560.70001220703125 583.5 606.4000244140625 631 655.70001220703125 680.4000244140625 705 729.79998779296875 744.70001220703125 759.20001220703125 773.5999755859375 788 802.4000244140625 810.5 818.0999755859375 825.79998779296875 833.4000244140625 841.0999755859375 842.5999755859375 843.5999755859375 844.79998779296875 845.9000244140625
485 476.20001220703125 467.600006103515625 458.899993896484375 460.600006103515625 460.79998779296875 460.70001220703125 460.70001220703125 463.20001220703125 466.600006103515625 464.29998779296875 461.70001220703125 459.20001220703125 456.600006103515625 454 451 448.29998779296875 445.600006103515625 442.899993896484375 440.100006103515625 449.79998779296875 459.600006103515625 469.20001220703125 479 488.70001220703125 510.29998779296875 532.5 554.70001220703125 576.9000244140625 599.0999755859375 623.79998779296875 648.79998779296875 673.70001220703125 698.5999755859375 723.5999755859375 737.5 751 764.4000244140625 777.70001220703125 791.29998779296875 798.20001220703125 805 811.70001220703125 818.29998779296875 825 827.4000244140625 829.70001220703125 832 834.29998779296875
498.79998779296875 489.899993896484375 480.899993896484375 479.5 484.20001220703125 485.600006103515625 486.79998779296875 488.100006103515625 489.20001220703125 490.600006103515625 480.70001220703125 475.5 470.20001220703125 465 459.79998779296875 456.399993896484375 453 449.600006103515625 446.20001220703125 443.29998779296875 451.20001220703125 459.600006103515625 468 476.399993896484375 484.79998779296875 505.70001220703125 527.20001220703125 548.70001220703125 570.29998779296875 591.79998779296875 616.79998779296875 642 667 692.20001220703125 717.4000244140625 730.4000244140625 742.79998779296875 755.0999755859375 767.5999755859375 780.0999755859375 786.0999755859375 791.79998779296875 797.5 803.20001220703125 808.79998779296875 812.5 815.9000244140625 819.29998779296875 822.70001220703125
505.20001220703125 492.899993896484375 488.70001220703125 492.899993896484375 497.100006103515625 498.79998779296875 500.399993896484375 501.79998779296875 503.399993896484375 505 490.600006103515625 481.29998779296875 472 462.5 453.20001220703125 450.100006103515625 447.600006103515625 444.899993896484375 442.29998779296875 443.600006103515625 453 462.5 471.899993896484375 481.20001220703125 490.600006103515625 512.70001220703125 535.20001220703125 557.9000244140625 580.4000244140625 603.20001220703125 627.0999755859375 651.29998779296875 675.5 699.5999755859375 723.79998779296875 734.29998779296875 744 753.79998779296875 763.4000244140625 773.0999755859375 780.4000244140625 787.79998779296875 795.0999755859375 802.4000244140625 809.70001220703125 813.9000244140625 818 822 826
511.100006103515625 498.70001220703125 502.20001220703125 505.600006103515625 509 510.899993896484375 512.70001220703125 514.5 516.20001220703125 518.0999755859375 500.29998779296875 486.600006103515625 472.899993896484375 459.20001220703125 446 443.70001220703125 441.70001220703125 439.70001220703125 437.70001220703125 444.5 454.79998779296875 465.5 476.100006103515625 486.70001220703125 497.29998779296875 520.5999755859375 544.29998779296875 568.20001220703125 592 615.9000244140625 639 662.0999755859375 685.20001220703125 708.29998779296875 731.4000244140625 739.0999755859375 746 752.9000244140625 759.5999755859375 766.5 775.5 784.70001220703125 793.70001220703125 802.79998779296875 811.9000244140625 816.70001220703125 821.4000244140625 825.9000244140625 830.5999755859375
516.9000244140625 512.79998779296875 515.5999755859375 518.4000244140625 521.0999755859375 523.0999755859375 525.0999755859375 527.0999755859375 529.20001220703125 531.20001220703125 510.100006103515625 491.70001220703125 473.79998779296875 455.79998779296875 440 438 436.29998779296875 434.899993896484375 440.100006103515625 445.20001220703125 456.70001220703125 468.5 480.29998779296875 492.20001220703125 504 528.4000244140625 553.5 578.5 603.5999755859375 628.5999755859375 650.79998779296875 672.9000244140625 694.9000244140625 716.9000244140625 738.9000244140625 744 748 752 756 760 770.5 781.4000244140625 792.29998779296875 803.20001220703125 814 819.5999755859375 824.70001220703125 829.9000244140625 834.9000244140625
525.0999755859375 527 529 531.0999755859375 533.0999755859375 535.29998779296875 537.5999755859375 539.9000244140625 542.0999755859375 544.29998779296875 522.29998779296875 499.20001220703125 476.100006103515625 453 433.899993896484375 432.100006103515625 435.600006103515625 439.100006103515625 442.5 446 458.600006103515625 471.600006103515625 484.70001220703125 497.600006103515625 510.70001220703125 536.29998779296875 562.5999755859375 588.79998779296875 615.0999755859375 641.4000244140625 662.70001220703125 683.5999755859375 704.5999755859375 725.5999755859375 746.5 748.79998779296875 749.9000244140625 751.0999755859375 752.29998779296875 753.5 765.5999755859375 778.20001220703125 790.79998779296875 803.5999755859375 816.29998779296875 822.4000244140625 828.0999755859375 833.79998779296875 839.4000244140625
539.79998779296875 541.0999755859375 542.5 543.79998779296875 545.0999755859375 547.5999755859375 550 552.4000244140625 555 557.4000244140625 534.5999755859375 510.70001220703125 486.70001220703125 462.70001220703125 438.79998779296875 439.399993896484375 441.399993896484375 443.100006103515625 444.899993896484375 446.79998779296875 460.5 474.600006103515625 488.899993896484375 503.100006103515625 517.29998779296875 544.20001220703125 571.70001220703125 599.29998779296875 626.5999755859375 654.20001220703125 674.5 694.4000244140625 714.29998779296875 734.20001220703125 754.20001220703125 753.70001220703125 751.9000244140625 750.20001220703125 748.5999755859375 747 760.5 775.0999755859375 789.5 804 818.5 825.20001220703125 831.5 837.70001220703125 844
