DatosClimaticos/DatosMaxEnt/2023/BIO13_2023.asc
ncols        206
nrows        206
xllcorner    -76.208333333333
yllcorner    4.492353333333
cellsize     0.008330000000
NODATA_value -9999
[rows 88 to 109 of 206, columns 48 to 95 of 206]
298.399993896484375 301.100006103515625 303.79998779296875 306.399993896484375 309.100006103515625 312.100006103515625 315.100006103515625 318.100006103515625 321.100006103515625 324.100006103515625 327.399993896484375 330.70001220703125 334 337.20001220703125 340.5 339.600006103515625 338.600006103515625 337.600006103515625 336.600006103515625 335.5 333.29998779296875 331.100006103515625 328.79998779296875 326.600006103515625 324.399993896484375 314.20001220703125 303.70001220703125 293.29998779296875 282.899993896484375 272.399993896484375 278.29998779296875 284.70001220703125 291.100006103515625 297.5 303.899993896484375 303.5 302.70001220703125 302 301.29998779296875 300.600006103515625 305.70001220703125 311.100006103515625 316.399993896484375 321.79998779296875 327.20001220703125 325.29998779296875 323.100006103515625 321
292.29998779296875 294.79998779296875 297.29998779296875 299.70001220703125 302.20001220703125 306.29998779296875 310.5 314.79998779296875 319 323.20001220703125 325.29998779296875 327.399993896484375 329.5 331.5 333.600006103515625 332.399993896484375 331.100006103515625 329.79998779296875 328.5 327.20001220703125 325.899993896484375 324.5 323.20001220703125 321.899993896484375 320.600006103515625 311.5 302.20001220703125 292.899993896484375 283.600006103515625 274.29998779296875 278.100006103515625 282.29998779296875 286.5 290.70001220703125 295 295.600006103515625 296.20001220703125 296.70001220703125 297.20001220703125 297.79998779296875 303 308.5 313.899993896484375 319.399993896484375 324.79998779296875 323.399993896484375 321.600006103515625 319.899993896484375
289.399993896484375 288.5 290.79998779296875 293 295.20001220703125 300.600006103515625 306 311.399993896484375 316.79998779296875 322.20001220703125 323.20001220703125 324.100006103515625 324.899993896484375 325.79998779296875 326.70001220703125 325.20001220703125 323.600006103515625 322 320.399993896484375 318.79998779296875 318.399993896484375 318 317.600006103515625 317.20001220703125 316.79998779296875 308.899993896484375 300.70001220703125 292.5 284.29998779296875 276.100006103515625 277.79998779296875 279.899993896484375 281.899993896484375 283.899993896484375 286 287.79998779296875 289.600006103515625 291.399993896484375 293.20001220703125 295 300.399993896484375 305.899993896484375 311.399993896484375 317 322.5 321.399993896484375 320.100006103515625 318.79998779296875
290.5 287.399993896484375 284.29998779296875 286.29998779296875 288.29998779296875 294.79998779296875 301.399993896484375 308 314.600006103515625 321.20001220703125 321.100006103515625 320.70001220703125 320.399993896484375 320.100006103515625 319.79998779296875 318 316.100006103515625 314.20001220703125 312.29998779296875 310.399993896484375 310.899993896484375 311.399993896484375 312 312.5 313.100006103515625 306.20001220703125 299.20001220703125 292.100006103515625 285 278 277.600006103515625 277.5 277.29998779296875 277.100006103515625 277 279.899993896484375 283 286 289.100006103515625 292.20001220703125 297.70001220703125 303.29998779296875 308.899993896484375 314.600006103515625 320.20001220703125 319.5 318.600006103515625 317.70001220703125
291.600006103515625 287.29998779296875 283 279.5 281.29998779296875 289 296.79998779296875 304.600006103515625 312.399993896484375 320.29998779296875 319 317.399993896484375 315.899993896484375 314.399993896484375 312.899993896484375 310.70001220703125 308.600006103515625 306.399993896484375 304.20001220703125 302.100006103515625 303.399993896484375 304.899993896484375 306.399993896484375 307.79998779296875 309.29998779296875 303.600006103515625 297.600006103515625 291.70001220703125 285.79998779296875 279.79998779296875 277.399993896484375 275 272.70001220703125 270.399993896484375 268 272.100006103515625 276.399993896484375 280.70001220703125 285 289.399993896484375 295 300.70001220703125 306.399993896484375 312.20001220703125 317.899993896484375 317.600006103515625 317.100006103515625 316.600006103515625
295.5 291.79998779296875 288.100006103515625 284.5 282 290.899993896484375 299.899993896484375 309 318 327 324.899993896484375 322.5 320.100006103515625 317.79998779296875 315.399993896484375 312 308.70001220703125 305.399993896484375 302 298.70001220703125 298.79998779296875 299.100006103515625 299.399993896484375 299.70001220703125 300 296.70001220703125 293.20001220703125 289.70001220703125 286.20001220703125 282.70001220703125 280.79998779296875 278.899993896484375 277.100006103515625 275.20001220703125 273.399993896484375 277.20001220703125 281.20001220703125 285.29998779296875 289.29998779296875 293.399993896484375 299 304.600006103515625 310.29998779296875 316 321.600006103515625 320.100006103515625 318.399993896484375 316.600006103515625
299.5 296.5 293.5 290.5 287.5 293 303.29998779296875 313.600006103515625 323.899993896484375 334.100006103515625 331.20001220703125 328 324.70001220703125 321.5 318.20001220703125 313.70001220703125 309.100006103515625 304.600006103515625 300 295.399993896484375 294.399993896484375 293.399993896484375 292.5 291.5 290.5 289.600006103515625 288.600006103515625 287.600006103515625 286.600006103515625 285.70001220703125 284.399993896484375 283.100006103515625 281.79998779296875 280.5 279.29998779296875 282.79998779296875 286.5 290.20001220703125 293.899993896484375 297.600006103515625 303.20001220703125 308.79998779296875 314.399993896484375 320 325.600006103515625 322.79998779296875 319.70001220703125 316.600006103515625
303.5 301.20001220703125 298.899993896484375 296.600006103515625 294.29998779296875 297.29998779296875 306.70001220703125 318.20001220703125 329.70001220703125 341.20001220703125 337.5 333.399993896484375 329.29998779296875 325.20001220703125 321.100006103515625 315.29998779296875 309.5 303.79998779296875 298 292.20001220703125 289.899993896484375 287.70001220703125 285.5 283.29998779296875 281.100006103515625 282.5 284 285.5 287.100006103515625 288.600006103515625 288 287.29998779296875 286.600006103515625 285.899993896484375 285.20001220703125 288.399993896484375 291.79998779296875 295.100006103515625 298.5 301.899993896484375 307.399993896484375 312.899993896484375 318.5 324 329.600006103515625 325.5 321.100006103515625 316.70001220703125
307.5 305.899993896484375 304.20001220703125 302.600006103515625 301 304.29998779296875 310.100006103515625 322.79998779296875 335.600006103515625 348.29998779296875 343.79998779296875 338.79998779296875 333.79998779296875 328.899993896484375 323.899993896484375 317 310 303 296 289 285.399993896484375 282 278.5 275 271.600006103515625 275.399993896484375 279.399993896484375 283.5 287.5 291.5 291.5 291.399993896484375 291.29998779296875 291.20001220703125 291.100006103515625 294 297 300.100006103515625 303.100006103515625 306.20001220703125 311.600006103515625 317.100006103515625 322.600006103515625 328.100006103515625 333.600006103515625 328.20001220703125 322.5 316.70001220703125
311.5 310.5 309.600006103515625 308.70001220703125 307.79998779296875 311.29998779296875 315 327.399993896484375 341.399993896484375 355.399993896484375 350 344.20001220703125 338.399993896484375 332.600006103515625 326.70001220703125 318.600006103515625 310.399993896484375 302.20001220703125 294 285.70001220703125 280.899993896484375 276.20001220703125 271.5 266.79998779296875 262.100006103515625 268.29998779296875 274.899993896484375 281.399993896484375 287.899993896484375 294.5 295.100006103515625 295.600006103515625 296 296.5 297 299.600006103515625 302.29998779296875 305 307.70001220703125 310.399993896484375 315.79998779296875 321.20001220703125 326.70001220703125 332.100006103515625 337.5 330.899993896484375 323.79998779296875 316.79998779296875
311.5 312.399993896484375 313.29998779296875 314.100006103515625 315 317.600006103515625 320.20001220703125 324.70001220703125 338.600006103515625 352.600006103515625 347.29998779296875 341.399993896484375 335.600006103515625 329.70001220703125 323.899993896484375 316.100006103515625 308.29998779296875 300.399993896484375 292.600006103515625 284.79998779296875 280.899993896484375 277.20001220703125 273.5 269.70001220703125 266 272 278.29998779296875 284.600006103515625 290.79998779296875 297.100006103515625 298.5 299.70001220703125 301 302.20001220703125 303.399993896484375 305.5 307.600006103515625 309.70001220703125 311.79998779296875 314 316.899993896484375 319.899993896484375 322.79998779296875 325.79998779296875 328.79998779296875 322.100006103515625 315.20001220703125 308.20001220703125
311.5 314.20001220703125 316.79998779296875 319.5 322.20001220703125 323.79998779296875 325.29998779296875 326.899993896484375 335.5 349.5 344.100006103515625 338.29998779296875 332.399993896484375 326.600006103515625 320.79998779296875 313.399993896484375 306 298.600006103515625 291.29998779296875 283.899993896484375 281.100006103515625 278.399993896484375 275.79998779296875 273.100006103515625 270.399993896484375 276.100006103515625 282 287.899993896484375 293.79998779296875 299.79998779296875 301.899993896484375 303.899993896484375 305.899993896484375 307.899993896484375 309.899993896484375 311.399993896484375 312.899993896484375 314.399993896484375 316 317.5 317.899993896484375 318.29998779296875 318.70001220703125 319.100006103515625 319.5 312.899993896484375 306.100006103515625 299.20001220703125
311.399993896484375 315.899993896484375 320.399993896484375 324.899993896484375 329.399993896484375 330 330.5 331 332.399993896484375 346.29998779296875 341 335.100006103515625 329.29998779296875 323.5 317.70001220703125 310.79998779296875 303.79998779296875 296.899993896484375 289.899993896484375 283 281.20001220703125 279.600006103515625 278 276.399993896484375 274.79998779296875 280.20001220703125 285.70001220703125 291.29998779296875 296.79998779296875 302.399993896484375 305.20001220703125 308 310.79998779296875 313.600006103515625 316.29998779296875 317.29998779296875 318.20001220703125 319.100006103515625 320.100006103515625 321 318.899993896484375 316.70001220703125 314.600006103515625 312.399993896484375 310.20001220703125 303.70001220703125 297 290.29998779296875
315.20001220703125 317.70001220703125 324 330.29998779296875 336.600006103515625 336.20001220703125 335.600006103515625 335 334.399993896484375 343.20001220703125 337.79998779296875 332 326.20001220703125 320.399993896484375 314.600006103515625 308.100006103515625 301.600006103515625 295.100006103515625 288.600006103515625 282.100006103515625 281.399993896484375 280.899993896484375 280.29998779296875 279.79998779296875 279.29998779296875 284.29998779296875 289.5 294.70001220703125 299.79998779296875 305 308.600006103515625 312.20001220703125 315.70001220703125 319.29998779296875 322.79998779296875 323.20001220703125 323.5 323.899993896484375 324.20001220703125 324.5 319.899993896484375 315.20001220703125 310.399993896484375 305.70001220703125 300.899993896484375 294.399993896484375 287.899993896484375 281.29998779296875
319.5 319.399993896484375 327.5 335.70001220703125 343.79998779296875 342.399993896484375 340.70001220703125 339.100006103515625 337.399993896484375 340 334.70001220703125 328.899993896484375 323.100006103515625 317.29998779296875 311.5 305.399993896484375 299.399993896484375 293.29998779296875 287.29998779296875 281.20001220703125 281.600006103515625 282.100006103515625 282.600006103515625 283.20001220703125 283.70001220703125 288.399993896484375 293.20001220703125 298 302.79998779296875 307.600006103515625 312 316.29998779296875 320.600006103515625 325 329.29998779296875 329.100006103515625 328.899993896484375 328.600006103515625 328.29998779296875 328 320.899993896484375 313.600006103515625 306.29998779296875 299 291.70001220703125 285.20001220703125 278.79998779296875 272.399993896484375
313.20001220703125 319.399993896484375 326.100006103515625 332.79998779296875 339.5 337.79998779296875 335.899993896484375 334 332 333.29998779296875 328.899993896484375 324.20001220703125 319.5 314.70001220703125 310 304.600006103515625 299.100006103515625 293.600006103515625 288.100006103515625 282.70001220703125 282.70001220703125 282.899993896484375 283.100006103515625 283.29998779296875 283.5 288.29998779296875 293.20001220703125 298.100006103515625 303 307.899993896484375 312.20001220703125 316.5 320.79998779296875 325.100006103515625 329.399993896484375 329.29998779296875 329 328.70001220703125 328.399993896484375 328.100006103515625 322.79998779296875 317.29998779296875 311.79998779296875 306.29998779296875 300.79998779296875 293.20001220703125 285.600006103515625 278
314.20001220703125 319.29998779296875 324.5 329.600006103515625 334.79998779296875 332.79998779296875 330.600006103515625 328.5 326.29998779296875 326.399993896484375 323.100006103515625 319.5 315.899993896484375 312.20001220703125 308.600006103515625 303.79998779296875 298.899993896484375 294 289.100006103515625 284.20001220703125 283.899993896484375 283.70001220703125 283.5 283.29998779296875 283.20001220703125 288 293 298.100006103515625 303.100006103515625 308.100006103515625 312.399993896484375 316.600006103515625 320.79998779296875 325.100006103515625 329.29998779296875 329.20001220703125 329 328.70001220703125 328.399993896484375 328.20001220703125 324.79998779296875 321.20001220703125 317.70001220703125 314.20001220703125 310.600006103515625 302 293.100006103515625 284.29998779296875
315.70001220703125 319.29998779296875 322.79998779296875 326.399993896484375 330 327.70001220703125 325.29998779296875 323 320.600006103515625 319.5 317.20001220703125 314.70001220703125 312.20001220703125 309.70001220703125 307.20001220703125 303 298.70001220703125 294.399993896484375 290.100006103515625 285.79998779296875 285.100006103515625 284.5 284 283.399993896484375 282.79998779296875 287.79998779296875 292.899993896484375 298 303.100006103515625 308.29998779296875 312.5 316.70001220703125 320.79998779296875 325 329.20001220703125 329.100006103515625 328.899993896484375 328.70001220703125 328.5 328.20001220703125 326.70001220703125 325.20001220703125 323.600006103515625 322.100006103515625 320.5 310.70001220703125 300.600006103515625 290.5
317.20001220703125 319.20001220703125 321.20001220703125 323.20001220703125 325.20001220703125 322.70001220703125 320.100006103515625 317.5 314.899993896484375 312.600006103515625 311.399993896484375 310 308.600006103515625 307.20001220703125 305.899993896484375 302.20001220703125 298.5 294.79998779296875 291.100006103515625 287.399993896484375 286.29998779296875 285.29998779296875 284.399993896484375 283.399993896484375 282.399993896484375 287.5 292.70001220703125 298 303.20001220703125 308.399993896484375 312.600006103515625 316.70001220703125 320.79998779296875 325 329.100006103515625 329 328.79998779296875 328.70001220703125 328.5 328.29998779296875 328.70001220703125 329.100006103515625 329.5 330 330.399993896484375 319.5 308.100006103515625 296.79998779296875
318.70001220703125 319.100006103515625 319.5 320 320.399993896484375 317.600006103515625 314.79998779296875 312 309.20001220703125 306.29998779296875 305.5 305.29998779296875 305 304.70001220703125 304.5 301.399993896484375 298.29998779296875 295.20001220703125 292 288.899993896484375 287.5 286.100006103515625 284.79998779296875 283.399993896484375 282.100006103515625 287.20001220703125 292.600006103515625 297.899993896484375 303.29998779296875 308.600006103515625 312.70001220703125 316.79998779296875 320.79998779296875 324.899993896484375 329 328.899993896484375 328.79998779296875 328.600006103515625 328.5 328.29998779296875 330.600006103515625 333 335.5 337.899993896484375 340.29998779296875 328.20001220703125 315.600006103515625 303
317.20001220703125 317.79998779296875 318.399993896484375 319 319.600006103515625 315.899993896484375 312 308.100006103515625 304.20001220703125 303.899993896484375 304.29998779296875 304.600006103515625 304.899993896484375 305.29998779296875 305.600006103515625 303.29998779296875 300.899993896484375 298.5 296.100006103515625 293.70001220703125 292.100006103515625 290.5 288.899993896484375 287.399993896484375 285.79998779296875 290.600006103515625 295.70001220703125 300.70001220703125 305.70001220703125 310.79998779296875 315.100006103515625 319.29998779296875 323.600006103515625 327.79998779296875 332.100006103515625 333.20001220703125 334.20001220703125 335.20001220703125 336.29998779296875 337.29998779296875 337.399993896484375 337.600006103515625 337.70001220703125 337.79998779296875 337.899993896484375 327.20001220703125 316.100006103515625 305
315.5 316.399993896484375 317.29998779296875 318.20001220703125 319 314.20001220703125 309.29998779296875 304.29998779296875 300.79998779296875 302.20001220703125 303.20001220703125 304.100006103515625 305 306 306.899993896484375 305.29998779296875 303.600006103515625 302 300.29998779296875 298.600006103515625 296.79998779296875 295 293.29998779296875 291.5 289.70001220703125 294.20001220703125 298.899993896484375 303.600006103515625 308.29998779296875 313 317.5 322 326.399993896484375 330.899993896484375 335.29998779296875 337.70001220703125 339.899993896484375 342.20001220703125 344.399993896484375 346.600006103515625 344.5 342.100006103515625 339.79998779296875 337.399993896484375 335.100006103515625 325.79998779296875 316.29998779296875 306.79998779296875
