DatosClimaticos/DatosMaxEnt/2023/BIO15_2023.asc
ncols        206
nrows        206
xllcorner    -76.208333333333
yllcorner    4.492353333333
cellsize     0.008330000000
NODATA_value -9999
[rows 95 to 113 of 206, columns 43 to 85 of 206]
29.294462203979492188 29.877664566040039062 30.58148956298828125 31.41656494140625 32.347705841064453125 31.946649551391601562 31.54332733154296875 31.161899566650390625 30.803915023803710938 30.463712692260742188 31.650789260864257812 32.994762420654296875 34.4615325927734375 36.029819488525390625 37.70287322998046875 37.200145721435546875 36.6621856689453125 36.167327880859375 35.7107086181640625 35.286365509033203125 34.766864776611328125 34.272491455078125 33.814769744873046875 33.3743743896484375 32.981151580810546875 32.9694976806640625 33.021251678466796875 33.11122894287109375 33.2333526611328125 33.3825836181640625 33.47924041748046875 33.601413726806640625 33.733432769775390625 33.890789031982421875 34.100101470947265625 33.821430206298828125 33.5587158203125 33.30340576171875 33.06955718994140625 32.83765411376953125 32.97173309326171875 33.124195098876953125 33.302570343017578125
29.378391265869140625 29.95334625244140625 30.642297744750976562 31.46433258056640625 32.3795928955078125 32.021007537841796875 31.665887832641601562 31.342388153076171875 31.037157058715820312 30.794952392578125 32.089412689208984375 33.546848297119140625 35.11655426025390625 36.800060272216796875 38.563228607177734375 37.87345123291015625 37.16863250732421875 36.51119232177734375 35.895904541015625 35.34142303466796875 34.795513153076171875 34.27904510498046875 33.802181243896484375 33.369365692138671875 32.985565185546875 32.89093780517578125 32.843708038330078125 32.84265899658203125 32.906742095947265625 33.006336212158203125 33.030536651611328125 33.125812530517578125 33.264881134033203125 33.451290130615234375 33.70008087158203125 33.57236480712890625 33.44739532470703125 33.328502655029296875 33.228389739990234375 33.136302947998046875 33.294963836669921875 33.48944854736328125 33.70157623291015625
29.553602218627929688 30.105730056762695312 30.797176361083984375 31.589971542358398438 32.497692108154296875 32.147937774658203125 31.825738906860351562 31.56429290771484375 31.3363037109375 31.169164657592773438 32.564311981201171875 34.109577178955078125 35.79102325439453125 37.5615386962890625 39.4385528564453125 38.55902862548828125 37.682220458984375 36.850902557373046875 36.10271453857421875 35.4125823974609375 34.8200225830078125 34.29085540771484375 33.789180755615234375 33.36727142333984375 33.0033416748046875 32.8336334228515625 32.712383270263671875 32.65468597412109375 32.663665771484375 32.713016510009765625 32.644134521484375 32.67446136474609375 32.8051300048828125 33.053981781005859375 33.392864227294921875 33.37873077392578125 33.38775634765625 33.397525787353515625 33.440624237060546875 33.483150482177734375 33.67388153076171875 33.886501312255859375 34.117671966552734375
29.492658615112304688 30.032579421997070312 30.676279067993164062 31.40091705322265625 32.202671051025390625 31.876911163330078125 31.584936141967773438 31.344594955444335938 31.16658782958984375 31.032274246215820312 32.319713592529296875 33.75017547607421875 35.302059173583984375 36.92200469970703125 38.639324188232421875 37.893085479736328125 37.10356903076171875 36.38848876953125 35.725284576416015625 35.136749267578125 34.59232330322265625 34.082859039306640625 33.63030242919921875 33.253086090087890625 32.936855316162109375 32.856189727783203125 32.85134124755859375 32.858928680419921875 32.922733306884765625 33.030315399169921875 32.913333892822265625 32.866695404052734375 32.934284210205078125 33.078487396240234375 33.306293487548828125 33.362155914306640625 33.436977386474609375 33.51850128173828125 33.6227569580078125 33.734920501708984375 33.9045867919921875 34.09487152099609375 34.297580718994140625
29.432514190673828125 29.965030670166015625 30.55879974365234375 31.22772216796875 31.966741561889648438 31.64115142822265625 31.37493896484375 31.15500640869140625 31.022127151489257812 30.95465087890625 32.11297607421875 33.395000457763671875 34.787631988525390625 36.263111114501953125 37.837337493896484375 37.166667938232421875 36.504550933837890625 35.882976531982421875 35.33438873291015625 34.85747528076171875 34.352344512939453125 33.891056060791015625 33.48130035400390625 33.150211334228515625 32.8762664794921875 32.921039581298828125 32.992969512939453125 33.097507476806640625 33.23201751708984375 33.408260345458984375 33.237232208251953125 33.1179351806640625 33.103321075439453125 33.16510009765625 33.297550201416015625 33.434505462646484375 33.581340789794921875 33.75891876220703125 33.95868682861328125 34.176532745361328125 34.274715423583984375 34.40511322021484375 34.5496826171875
29.395532608032226562 29.896944046020507812 30.475650787353515625 31.096103668212890625 31.784357070922851562 31.45076751708984375 31.179872512817382812 31.018827438354492188 30.953664779663085938 30.97330474853515625 31.973339080810546875 33.0953826904296875 34.326686859130859375 35.65305328369140625 37.05027008056640625 36.487804412841796875 35.911041259765625 35.40643310546875 34.95496368408203125 34.5811004638671875 34.11161041259765625 33.702808380126953125 33.35895538330078125 33.059162139892578125 32.859806060791015625 32.9882659912109375 33.148738861083984375 33.3600616455078125 33.581111907958984375 33.843128204345703125 33.597930908203125 33.410137176513671875 33.314060211181640625 33.293792724609375 33.35546875 33.568019866943359375 33.819305419921875 34.11016845703125 34.442394256591796875 34.789569854736328125 34.80132293701171875 34.82686614990234375 34.8761444091796875
29.38494110107421875 29.861461639404296875 30.408426284790039062 31.004161834716796875 31.648311614990234375 31.299833297729492188 31.042644500732421875 30.917543411254882812 30.936090469360351562 31.076555252075195312 31.90319061279296875 32.843746185302734375 33.906429290771484375 35.060405731201171875 36.32283782958984375 35.8230438232421875 35.35692596435546875 34.94164276123046875 34.5800323486328125 34.312641143798828125 33.88440704345703125 33.5260009765625 33.21977996826171875 33.009960174560546875 32.8685760498046875 33.0892333984375 33.353179931640625 33.6471099853515625 33.96945953369140625 34.32436370849609375 33.998443603515625 33.73583221435546875 33.564365386962890625 33.469402313232421875 33.46764373779296875 33.777523040771484375 34.160625457763671875 34.5817108154296875 35.05820465087890625 35.573486328125 35.45978546142578125 35.35698699951171875 35.302951812744140625
29.394357681274414062 29.844585418701171875 30.368566513061523438 30.946521759033203125 31.5833740234375 31.18941497802734375 30.933027267456054688 30.86016845703125 30.9774932861328125 31.266239166259765625 31.892915725708007812 32.645221710205078125 33.528301239013671875 34.52153778076171875 35.603668212890625 35.201236724853515625 34.818416595458984375 34.4942169189453125 34.2273101806640625 34.0512542724609375 33.666004180908203125 33.34732818603515625 33.096752166748046875 32.9521942138671875 32.895050048828125 33.213024139404296875 33.567699432373046875 33.959568023681640625 34.377025604248046875 34.83802032470703125 34.42474365234375 34.080753326416015625 33.84194183349609375 33.688289642333984375 33.63675689697265625 34.078746795654296875 34.582225799560546875 35.1591644287109375 35.7967681884765625 36.485515594482421875 36.22144317626953125 35.97393798828125 35.7745819091796875
29.118627548217773438 29.43255615234375 29.785875320434570312 30.18566131591796875 30.633165359497070312 30.513751983642578125 30.508409500122070312 30.611833572387695312 30.845333099365234375 31.193548202514648438 31.730520248413085938 32.383724212646484375 33.109882354736328125 33.92321014404296875 34.814189910888671875 34.53653717041015625 34.26946258544921875 34.062808990478515625 33.898784637451171875 33.792949676513671875 33.552234649658203125 33.3542938232421875 33.2277069091796875 33.16489410400390625 33.19354248046875 33.45415496826171875 33.740203857421875 34.03885650634765625 34.3586883544921875 34.704517364501953125 34.363983154296875 34.079471588134765625 33.88430023193359375 33.7718963623046875 33.752689361572265625 34.148899078369140625 34.63553619384765625 35.167552947998046875 35.73648834228515625 36.363773345947265625 36.138088226318359375 35.91832733154296875 35.7066650390625
28.863346099853515625 29.027313232421875 29.233011245727539062 29.473897933959960938 29.747150421142578125 29.89471435546875 30.108053207397460938 30.395620346069335938 30.745412826538085938 31.176607131958007812 31.626312255859375 32.140544891357421875 32.716495513916015625 33.3568572998046875 34.052738189697265625 33.88680267333984375 33.7432403564453125 33.649066925048828125 33.5863189697265625 33.583393096923828125 33.45500946044921875 33.392688751220703125 33.379974365234375 33.438838958740234375 33.574764251708984375 33.75106048583984375 33.926105499267578125 34.1248016357421875 34.333209991455078125 34.58748626708984375 34.290996551513671875 34.060924530029296875 33.92258453369140625 33.852752685546875 33.860797882080078125 34.25107574462890625 34.6889190673828125 35.162395477294921875 35.692272186279296875 36.23766326904296875 36.049335479736328125 35.8559112548828125 35.650356292724609375
28.613542556762695312 28.65663909912109375 28.74182891845703125 28.846771240234375 28.997104644775390625 29.349710464477539062 29.75319671630859375 30.198034286499023438 30.68190765380859375 31.218229293823242188 31.553766250610351562 31.922132492065429688 32.339019775390625 32.797084808349609375 33.2753143310546875 33.2319793701171875 33.2021484375 33.2283935546875 33.275257110595703125 33.36794281005859375 33.384342193603515625 33.43259429931640625 33.558132171630859375 33.7605133056640625 34.01946258544921875 34.0798187255859375 34.15493011474609375 34.24782562255859375 34.344211578369140625 34.469532012939453125 34.243579864501953125 34.07216644287109375 33.962352752685546875 33.9306640625 33.979755401611328125 34.346912384033203125 34.7707061767578125 35.190410614013671875 35.6775665283203125 36.1646728515625 35.993366241455078125 35.8013153076171875 35.6151580810546875
28.392782211303710938 28.328313827514648438 28.302270889282226562 28.317319869995117188 28.389715194702148438 28.890722274780273438 29.4471588134765625 30.033739089965820312 30.6669464111328125 31.334707260131835938 31.53104400634765625 31.743146896362304688 31.978647232055664062 32.240634918212890625 32.536609649658203125 32.589473724365234375 32.68318939208984375 32.802852630615234375 32.981266021728515625 33.214939117431640625 33.309825897216796875 33.490116119384765625 33.76267242431640625 34.097003936767578125 34.517364501953125 34.46405792236328125 34.398456573486328125 34.371891021728515625 34.3740386962890625 34.38933563232421875 34.211368560791015625 34.080902099609375 34.03633880615234375 34.027645111083984375 34.097049713134765625 34.45178985595703125 34.842021942138671875 35.250469207763671875 35.6885986328125 36.15277099609375 35.96453094482421875 35.7711639404296875 35.6122894287109375
28.192510604858398438 28.040607452392578125 27.934360504150390625 27.897199630737304688 27.918498992919921875 28.512237548828125 29.181293487548828125 29.89344024658203125 30.688623428344726562 31.509782791137695312 31.557521820068359375 31.592716217041015625 31.657190322875976562 31.724718093872070312 31.80181121826171875 31.95218658447265625 32.146694183349609375 32.396022796630859375 32.690105438232421875 33.057037353515625 33.25818634033203125 33.571697235107421875 33.98009490966796875 34.49622344970703125 35.0813751220703125 34.863239288330078125 34.676761627197265625 34.51871490478515625 34.414947509765625 34.336421966552734375 34.1841583251953125 34.11775970458984375 34.087001800537109375 34.1390380859375 34.2457733154296875 34.569858551025390625 34.93921661376953125 35.326080322265625 35.74134063720703125 36.18990325927734375 35.961360931396484375 35.768459320068359375 35.614467620849609375
27.225084304809570312 27.302005767822265625 27.431600570678710938 27.606035232543945312 27.827472686767578125 28.469905853271484375 29.167146682739257812 29.909374237060546875 30.700540542602539062 31.531644821166992188 31.541149139404296875 31.533840179443359375 31.547105789184570312 31.56562042236328125 31.618413925170898438 31.815595626831054688 32.055713653564453125 32.35003662109375 32.693988800048828125 33.0795135498046875 33.322208404541015625 33.6356353759765625 34.024936676025390625 34.489044189453125 35.026119232177734375 34.80928802490234375 34.606098175048828125 34.43508148193359375 34.313602447509765625 34.202251434326171875 34.124267578125 34.095279693603515625 34.116302490234375 34.181568145751953125 34.3011932373046875 34.678714752197265625 35.07080078125 35.477573394775390625 35.909923553466796875 36.35276031494140625 36.34644317626953125 36.353298187255859375 36.382038116455078125
26.262176513671875 26.587825775146484375 26.9318389892578125 27.329212188720703125 27.75904083251953125 28.4398040771484375 29.17998504638671875 29.935865402221679688 30.7403411865234375 31.564870834350585938 31.524736404418945312 31.482763290405273438 31.450695037841796875 31.445064544677734375 31.459688186645507812 31.721410751342773438 32.017242431640625 32.35285186767578125 32.72992706298828125 33.130359649658203125 33.3995513916015625 33.716251373291015625 34.089664459228515625 34.5034942626953125 34.981456756591796875 34.774585723876953125 34.570812225341796875 34.4061126708984375 34.25555419921875 34.1421661376953125 34.097332000732421875 34.105403900146484375 34.168994903564453125 34.276638031005859375 34.417816162109375 34.817348480224609375 35.24164581298828125 35.656951904296875 36.09983062744140625 36.544708251953125 36.774639129638671875 36.986454010009765625 37.21537017822265625
25.36611175537109375 25.908067703247070312 26.483123779296875 27.090442657470703125 27.729400634765625 28.45003509521484375 29.187824249267578125 29.976503372192382812 30.774950027465820312 31.620830535888671875 31.519195556640625 31.42736053466796875 31.359996795654296875 31.323617935180664062 31.322519302368164062 31.633390426635742188 31.976675033569335938 32.3599853515625 32.77333831787109375 33.212543487548828125 33.49472808837890625 33.81945037841796875 34.17961883544921875 34.58362579345703125 35.0006561279296875 34.797939300537109375 34.592678070068359375 34.415496826171875 34.265277862548828125 34.14389801025390625 34.13824462890625 34.191219329833984375 34.27532196044921875 34.408329010009765625 34.5740509033203125 34.992969512939453125 35.43865203857421875 35.880252838134765625 36.32913970947265625 36.779956817626953125 37.203823089599609375 37.632778167724609375 38.083599090576171875
24.534250259399414062 25.279857635498046875 26.069295883178710938 26.885074615478515625 27.722614288330078125 28.469465255737304688 29.228769302368164062 30.022754669189453125 30.83238983154296875 31.671056747436523438 31.51612091064453125 31.382883071899414062 31.280347824096679688 31.232601165771484375 31.2049560546875 31.565675735473632812 31.961368560791015625 32.38564300537109375 32.827930450439453125 33.298404693603515625 33.60088348388671875 33.93006134033203125 34.296642303466796875 34.678985595703125 35.07375335693359375 34.8788909912109375 34.6611328125 34.498897552490234375 34.34259796142578125 34.216457366943359375 34.240581512451171875 34.29819488525390625 34.416561126708984375 34.582462310791015625 34.782894134521484375 35.212863922119140625 35.658123016357421875 36.119510650634765625 36.585193634033203125 37.0352783203125 37.666744232177734375 38.297809600830078125 38.964557647705078125
23.766962051391601562 24.702266693115234375 25.673625946044921875 26.696290969848632812 27.758733749389648438 28.505693435668945312 29.274005889892578125 30.077711105346679688 30.894247055053710938 31.752946853637695312 31.539319992065429688 31.354253768920898438 31.211696624755859375 31.12673187255859375 31.101446151733398438 31.509401321411132812 31.95561981201171875 32.417144775390625 32.904018402099609375 33.406246185302734375 33.730743408203125 34.07259368896484375 34.4258575439453125 34.824619293212890625 35.22388458251953125 34.998920440673828125 34.79814910888671875 34.61959075927734375 34.479717254638671875 34.3583526611328125 34.369953155517578125 34.458377838134765625 34.607532501220703125 34.80138397216796875 35.043888092041015625 35.476940155029296875 35.923984527587890625 36.3820648193359375 36.8442535400390625 37.31229400634765625 38.126941680908203125 38.98166656494140625 39.8658905029296875
24.073589324951171875 24.772451400756835938 25.5055694580078125 26.254808425903320312 27.0242767333984375 27.92864990234375 28.85503387451171875 29.78975677490234375 30.736125946044921875 31.7025909423828125 31.555408477783203125 31.435354232788085938 31.336847305297851562 31.277399063110351562 31.279954910278320312 31.69966888427734375 32.183788299560546875 32.687610626220703125 33.2283935546875 33.798252105712890625 34.19458770751953125 34.610198974609375 35.04387664794921875 35.512607574462890625 36.000518798828125 35.633228302001953125 35.2611083984375 34.916889190673828125 34.612323760986328125 34.319927215576171875 34.32781982421875 34.390430450439453125 34.52346038818359375 34.690265655517578125 34.921192169189453125 35.31647491455078125 35.7344207763671875 36.162105560302734375 36.583271026611328125 37.023406982421875 37.8275604248046875 38.6958160400390625 39.6078643798828125
