DatosClimaticos/DatosMaxEnt/2023/BIO15_2023.asc
ncols        206
nrows        206
xllcorner    -76.208333333333
yllcorner    4.492353333333
cellsize     0.008330000000
NODATA_value -9999
[rows 133 to 151 of 206, columns 86 to 128 of 206]
37.9755096435546875 39.192821502685546875 39.09563446044921875 39.03244781494140625 39.038578033447265625 39.135005950927734375 39.3018341064453125 39.345722198486328125 39.43964385986328125 39.57915496826171875 39.777179718017578125 40.051189422607421875 40.434673309326171875 40.95371246337890625 41.606769561767578125 42.401519775390625 43.359813690185546875 42.039028167724609375 40.91037750244140625 40.104145050048828125 39.570552825927734375 39.261749267578125 39.233325958251953125 39.292724609375 39.439907073974609375 39.6481170654296875 39.92168426513671875 37.493541717529296875 35.277923583984375 33.45629119873046875 32.030345916748046875 30.97222900390625 30.114532470703125 29.543867111206054688 29.22643280029296875 29.1845703125 29.345493316650390625 29.676626205444335938 30.312999725341796875 31.225591659545898438 32.365146636962890625 33.70648956298828125 34.9152069091796875
38.681640625 39.89058685302734375 39.505245208740234375 39.13277435302734375 38.8338470458984375 38.632068634033203125 38.546417236328125 38.565395355224609375 38.612361907958984375 38.706890106201171875 38.8525543212890625 39.031467437744140625 39.541004180908203125 40.18764495849609375 41.018474578857421875 42.012088775634765625 43.234378814697265625 42.067363739013671875 41.02835845947265625 40.233127593994140625 39.6408233642578125 39.24164581298828125 39.03601837158203125 38.932804107666015625 38.915985107421875 39.004665374755859375 39.15135955810546875 37.323589324951171875 35.65319061279296875 34.247173309326171875 33.080348968505859375 32.171413421630859375 31.1965179443359375 30.493513107299804688 30.066095352172851562 29.890909194946289062 29.957241058349609375 30.12976837158203125 30.64501953125 31.431549072265625 32.46324920654296875 33.707004547119140625 34.838535308837890625
39.40592193603515625 40.638946533203125 39.92630767822265625 39.243869781494140625 38.662525177001953125 38.20058441162109375 37.85572052001953125 37.84450531005859375 37.863555908203125 37.90500640869140625 37.98981475830078125 38.122791290283203125 38.69477081298828125 39.482120513916015625 40.471435546875 41.688518524169921875 43.14214324951171875 42.14017486572265625 41.206760406494140625 40.453250885009765625 39.848468780517578125 39.406932830810546875 38.971923828125 38.6639251708984375 38.490039825439453125 38.424510955810546875 38.445110321044921875 37.1946258544921875 36.057880401611328125 35.0711669921875 34.239261627197265625 33.5204010009765625 32.424427032470703125 31.58455657958984375 31.02194976806640625 30.738878250122070312 30.687925338745117188 30.734424591064453125 31.0851898193359375 31.751516342163085938 32.680049896240234375 33.82592010498046875 34.852016448974609375
40.127605438232421875 41.371814727783203125 40.3829803466796875 39.384563446044921875 38.52974700927734375 37.809764862060546875 37.25408935546875 37.202850341796875 37.18743133544921875 37.180744171142578125 37.209384918212890625 37.27274322509765625 37.92608642578125 38.81914520263671875 39.96646881103515625 41.38945770263671875 43.08811187744140625 42.273212432861328125 41.475490570068359375 40.7823028564453125 40.22502899169921875 39.761341094970703125 39.059604644775390625 38.526905059814453125 38.140796661376953125 37.918102264404296875 37.80339813232421875 37.10463714599609375 36.47702789306640625 35.921619415283203125 35.446498870849609375 35.042087554931640625 33.786815643310546875 32.79854583740234375 32.107669830322265625 31.703065872192382812 31.556837081909179688 31.448278427124023438 31.664239883422851562 32.195384979248046875 32.999050140380859375 34.0468597412109375 34.951297760009765625
40.873416900634765625 42.13300323486328125 40.83984375 39.552066802978515625 38.43198394775390625 37.484630584716796875 36.745304107666015625 36.659320831298828125 36.585418701171875 36.548046112060546875 36.523590087890625 36.51987457275390625 37.21292877197265625 38.213733673095703125 39.513397216796875 41.147251129150390625 43.11138153076171875 42.47991943359375 41.828826904296875 41.22675323486328125 40.735301971435546875 40.341571807861328125 39.308650970458984375 38.47442626953125 37.877727508544921875 37.4783782958984375 37.233303070068359375 37.059173583984375 36.9063720703125 36.800548553466796875 36.730144500732421875 36.68798828125 35.265705108642578125 34.118968963623046875 33.29315185546875 32.77396392822265625 32.541751861572265625 32.28104400634765625 32.35213470458984375 32.7406768798828125 33.436077117919921875 34.381000518798828125 35.14125823974609375
39.86809539794921875 40.8098297119140625 39.91283416748046875 39.05804443359375 38.34540557861328125 37.757080078125 37.357696533203125 37.201000213623046875 37.049823760986328125 36.9232025146484375 36.79689788818359375 36.682403564453125 37.266819000244140625 38.148693084716796875 39.313930511474609375 40.799774169921875 42.650539398193359375 42.238498687744140625 41.80562591552734375 41.412418365478515625 41.09622955322265625 40.839813232421875 39.5806121826171875 38.585235595703125 37.859363555908203125 37.3762054443359375 37.114009857177734375 37.0587615966796875 37.042552947998046875 37.077724456787109375 37.1227264404296875 37.20590972900390625 35.814281463623046875 34.665271759033203125 33.8144378662109375 33.265407562255859375 32.98928070068359375 32.564022064208984375 32.42922210693359375 32.5702667236328125 32.96959686279296875 33.630718231201171875 34.391468048095703125
39.019947052001953125 39.65741729736328125 39.1753997802734375 38.783740997314453125 38.533290863037109375 38.41229248046875 38.460845947265625 38.14870452880859375 37.839618682861328125 37.544193267822265625 37.260402679443359375 37.00612640380859375 37.45259857177734375 38.17577362060546875 39.1935272216796875 40.539081573486328125 42.273956298828125 42.068515777587890625 41.848175048828125 41.669261932373046875 41.534481048583984375 41.440433502197265625 39.93125152587890625 38.723873138427734375 37.86492156982421875 37.313327789306640625 37.031513214111328125 37.100910186767578125 37.206207275390625 37.33136749267578125 37.50182342529296875 37.69763946533203125 36.34952545166015625 35.213520050048828125 34.363616943359375 33.789642333984375 33.47519683837890625 32.92078399658203125 32.568050384521484375 32.469875335693359375 32.60334014892578125 32.944660186767578125 33.738574981689453125
38.438762664794921875 38.824859619140625 38.739582061767578125 38.809940338134765625 39.029140472412109375 39.409275054931640625 39.97039794921875 39.422603607177734375 38.86751556396484375 38.32756805419921875 37.843639373779296875 37.418766021728515625 37.703227996826171875 38.280277252197265625 39.151035308837890625 40.366436004638671875 41.9886474609375 42.010494232177734375 41.996112823486328125 42.004405975341796875 42.08547210693359375 42.1703948974609375 40.32366943359375 38.893184661865234375 37.904308319091796875 37.302013397216796875 37.030670166015625 37.18650054931640625 37.398311614990234375 37.64768218994140625 37.932586669921875 38.2436370849609375 36.93024444580078125 35.821811676025390625 34.975006103515625 34.391231536865234375 34.072505950927734375 33.37026214599609375 32.82840728759765625 32.514373779296875 32.3823394775390625 32.460178375244140625 33.234081268310546875
38.157924652099609375 38.3351287841796875 38.61911773681640625 39.10678863525390625 39.806163787841796875 40.72144317626953125 41.84053802490234375 40.975681304931640625 40.09876251220703125 39.2694854736328125 38.535678863525390625 37.903224945068359375 38.02576446533203125 38.4393768310546875 39.17711639404296875 40.271610260009765625 41.826725006103515625 42.038532257080078125 42.239200592041015625 42.469440460205078125 42.7366485595703125 43.034267425537109375 40.810283660888671875 39.11670684814453125 37.954624176025390625 37.30753326416015625 37.068634033203125 37.313018798828125 37.638149261474609375 38.000148773193359375 38.392078399658203125 38.821880340576171875 37.560405731201171875 36.489345550537109375 35.665035247802734375 35.0985107421875 34.754119873046875 33.91356658935546875 33.2175140380859375 32.6929931640625 32.355625152587890625 32.205181121826171875 32.953380584716796875
38.195262908935546875 38.21775054931640625 38.803676605224609375 39.68561553955078125 40.870944976806640625 42.32221221923828125 44.028545379638671875 42.773044586181640625 41.486354827880859375 40.330020904541015625 39.3093719482421875 38.439327239990234375 38.40439605712890625 38.657970428466796875 39.239288330078125 40.241176605224609375 41.73480987548828125 42.165592193603515625 42.57569122314453125 43.019268035888671875 43.48828887939453125 44.007717132568359375 41.357269287109375 39.350856781005859375 38.033466339111328125 37.344882965087890625 37.160053253173828125 37.511341094970703125 37.915668487548828125 38.375858306884765625 38.894077301025390625 39.4355316162109375 38.254894256591796875 37.216094970703125 36.422389984130859375 35.860195159912109375 35.536754608154296875 34.58412933349609375 33.732269287109375 33.05736541748046875 32.54875946044921875 32.203765869140625 32.89759063720703125
38.6374664306640625 38.793437957763671875 39.242767333984375 39.889484405517578125 40.7454986572265625 41.8120880126953125 43.054485321044921875 41.950862884521484375 40.842449188232421875 39.790538787841796875 38.8452301025390625 37.980983734130859375 37.950862884521484375 38.150264739990234375 38.6268157958984375 39.44037628173828125 40.70484161376953125 41.266292572021484375 41.81800079345703125 42.39841461181640625 43.0085296630859375 43.63649749755859375 41.39620208740234375 39.682979583740234375 38.537357330322265625 37.9055328369140625 37.708690643310546875 37.86754608154296875 38.09272003173828125 38.37874603271484375 38.69918060302734375 39.079837799072265625 38.070964813232421875 37.185009002685546875 36.532806396484375 36.06427764892578125 35.80136871337890625 34.8408203125 33.972736358642578125 33.253772735595703125 32.675411224365234375 32.244098663330078125 32.98680877685546875
39.2218780517578125 39.603885650634765625 39.819332122802734375 40.152057647705078125 40.634765625 41.256031036376953125 42.001132965087890625 41.089221954345703125 40.14789581298828125 39.22464752197265625 38.368335723876953125 37.556476593017578125 37.493236541748046875 37.64623260498046875 38.00905609130859375 38.66628265380859375 39.65106201171875 40.341899871826171875 41.0244598388671875 41.709564208984375 42.434268951416015625 43.19277191162109375 41.42646026611328125 40.058986663818359375 39.1440582275390625 38.6408538818359375 38.488864898681640625 38.333904266357421875 38.28656768798828125 38.35675048828125 38.499874114990234375 38.71744537353515625 37.8857421875 37.1652679443359375 36.6374359130859375 36.29949188232421875 36.12447357177734375 35.181529998779296875 34.304431915283203125 33.578563690185546875 32.980716705322265625 32.5090789794921875 33.250530242919921875
39.971851348876953125 40.61708831787109375 40.5477142333984375 40.528911590576171875 40.62989044189453125 40.828243255615234375 41.13103485107421875 40.33783721923828125 39.526153564453125 38.74004364013671875 37.969272613525390625 37.229053497314453125 37.148426055908203125 37.219882965087890625 37.467220306396484375 37.934635162353515625 38.684040069580078125 39.47606658935546875 40.25260162353515625 41.06021881103515625 41.885807037353515625 42.7467193603515625 41.445465087890625 40.4673919677734375 39.84067535400390625 39.5386505126953125 39.516204833984375 38.925426483154296875 38.537628173828125 38.33953857421875 38.302555084228515625 38.425952911376953125 37.740337371826171875 37.203891754150390625 36.80600738525390625 36.599987030029296875 36.549716949462890625 35.638477325439453125 34.782878875732421875 34.0767822265625 33.483287811279296875 33.052455902099609375 33.721710205078125
40.8525238037109375 41.83896636962890625 41.414508819580078125 41.00986480712890625 40.706699371337890625 40.508758544921875 40.418247222900390625 39.718738555908203125 39.012760162353515625 38.329341888427734375 37.66515350341796875 37.030879974365234375 36.885761260986328125 36.864501953125 36.970489501953125 37.25872039794921875 37.783046722412109375 38.642070770263671875 39.51743316650390625 40.450397491455078125 41.384616851806640625 42.330493927001953125 41.506542205810546875 40.913669586181640625 40.628467559814453125 40.594882965087890625 40.772907257080078125 39.65740966796875 38.83554840087890625 38.3396148681640625 38.138530731201171875 38.17705535888671875 37.66474151611328125 37.271541595458984375 37.051311492919921875 36.988315582275390625 37.08444976806640625 36.21469879150390625 35.414760589599609375 34.75835418701171875 34.23107147216796875 33.832775115966796875 34.37345123291015625
41.8885345458984375 43.260250091552734375 42.423858642578125 41.598052978515625 40.901096343994140625 40.339813232421875 39.896228790283203125 39.243648529052734375 38.60727691650390625 38.002208709716796875 37.448810577392578125 36.955287933349609375 36.738048553466796875 36.59940338134765625 36.55231475830078125 36.663600921630859375 36.96056365966796875 37.865810394287109375 38.82384490966796875 39.826568603515625 40.8610687255859375 41.932178497314453125 41.579761505126953125 41.418704986572265625 41.499660491943359375 41.81756591796875 42.3075103759765625 40.521945953369140625 39.1776275634765625 38.35984039306640625 38.00072479248046875 38.025005340576171875 37.64231109619140625 37.40728759765625 37.341281890869140625 37.456691741943359375 37.748622894287109375 36.930614471435546875 36.197162628173828125 35.62429046630859375 35.18498992919921875 34.890819549560546875 35.219219207763671875
41.57746124267578125 42.927608489990234375 42.08737945556640625 41.25508880615234375 40.521633148193359375 39.927154541015625 39.45798492431640625 38.87064361572265625 38.327327728271484375 37.822277069091796875 37.36061859130859375 36.972324371337890625 36.90331268310546875 36.93331146240234375 37.039638519287109375 37.265522003173828125 37.65630340576171875 38.302249908447265625 38.983951568603515625 39.70641326904296875 40.44055938720703125 41.20362091064453125 41.01786041259765625 41.020782470703125 41.22403717041015625 41.61434173583984375 42.175159454345703125 40.465358734130859375 39.183742523193359375 38.377216339111328125 38.01602935791015625 38.0476226806640625 37.596538543701171875 37.25658416748046875 37.04473114013671875 36.98368072509765625 37.071155548095703125 36.507991790771484375 36.058032989501953125 35.748355865478515625 35.57357025146484375 35.52358245849609375 35.908313751220703125
41.19077301025390625 42.5072479248046875 41.675884246826171875 40.84014129638671875 40.126148223876953125 39.504512786865234375 39.010799407958984375 38.53777313232421875 38.10755157470703125 37.733432769775390625 37.4155426025390625 37.16748046875 37.260894775390625 37.42551422119140625 37.70789337158203125 38.0690765380859375 38.566192626953125 38.914356231689453125 39.26937103271484375 39.6548004150390625 40.070713043212890625 40.512866973876953125 40.459156036376953125 40.5919189453125 40.931365966796875 41.4091644287109375 42.049449920654296875 40.432407379150390625 39.20952606201171875 38.455814361572265625 38.12752532958984375 38.14662933349609375 37.585231781005859375 37.1126251220703125 36.74881744384765625 36.490207672119140625 36.35103607177734375 36.0627288818359375 35.893402099609375 35.86579132080078125 35.970981597900390625 36.20735931396484375 36.614528656005859375
40.833526611328125 42.0855712890625 41.2813262939453125 40.46665191650390625 39.72704315185546875 39.0955810546875 38.585052490234375 38.213199615478515625 37.929592132568359375 37.7156524658203125 37.592792510986328125 37.590816497802734375 37.821086883544921875 38.111492156982421875 38.509487152099609375 39.005855560302734375 39.581089019775390625 39.6191558837890625 39.644855499267578125 39.686595916748046875 39.762477874755859375 39.84976959228515625 39.96944427490234375 40.260669708251953125 40.7046966552734375 41.302886962890625 42.0460357666015625 40.4983673095703125 39.343654632568359375 38.643795013427734375 38.329639434814453125 38.373809814453125 37.660503387451171875 37.00722503662109375 36.446666717529296875 36.0252532958984375 35.69734954833984375 35.63622283935546875 35.751495361328125 36.04195404052734375 36.44484710693359375 36.96887969970703125 37.39476776123046875
40.4937286376953125 41.68658447265625 40.897876739501953125 40.099853515625 39.360107421875 38.72078704833984375 38.1834564208984375 37.91991424560546875 37.793689727783203125 37.78955841064453125 37.9339447021484375 38.24703216552734375 38.586887359619140625 38.9795379638671875 39.462894439697265625 40.05164337158203125 40.754665374755859375 40.423187255859375 40.09880828857421875 39.776126861572265625 39.509792327880859375 39.264797210693359375 39.527191162109375 39.98487091064453125 40.578495025634765625 41.331329345703125 42.184001922607421875 40.691669464111328125 39.562343597412109375 38.903980255126953125 38.6536865234375 38.72211456298828125 37.794342041015625 36.929302215576171875 36.197177886962890625 35.59494781494140625 35.107669830322265625 35.279613494873046875 35.69297027587890625 36.260486602783203125 36.990631103515625 37.831272125244140625 38.245548248291015625
