DatosClimaticos/DatosMaxEnt/2023/BIO13_2023.asc
ncols        206
nrows        206
xllcorner    -76.208333333333
yllcorner    4.492353333333
cellsize     0.008330000000
NODATA_value -9999
[rows 132 to 153 of 206, columns 144 to 191 of 206]
410.100006103515625 410.70001220703125 417.29998779296875 423.79998779296875 415.399993896484375 405.899993896484375 396.5 387.100006103515625 377.70001220703125 363.70001220703125 363.899993896484375 365 366.100006103515625 367.100006103515625 362.100006103515625 356.600006103515625 351.20001220703125 345.70001220703125 340.20001220703125 333 325.600006103515625 318.20001220703125 310.79998779296875 303.399993896484375 296.399993896484375 289.399993896484375 282.5 275.5 268.5 273.70001220703125 279.79998779296875 285.899993896484375 -9999 -9999 -9999 -9999 -9999 -9999 -9999 -9999 -9999 -9999 -9999 -9999 -9999 -9999 -9999 -9999
403.5 403.20001220703125 402.79998779296875 402.70001220703125 394.600006103515625 386.20001220703125 377.899993896484375 369.5 361.20001220703125 362.20001220703125 363.79998779296875 365.399993896484375 367.100006103515625 368.70001220703125 364.70001220703125 360.399993896484375 356.100006103515625 351.70001220703125 347.399993896484375 340.100006103515625 332.600006103515625 325.20001220703125 317.70001220703125 310.20001220703125 302 293.79998779296875 285.5 277.20001220703125 269 272.899993896484375 277.70001220703125 282.5 -9999 -9999 -9999 -9999 -9999 -9999 -9999 -9999 -9999 -9999 -9999 -9999 -9999 -9999 -9999 -9999
400.899993896484375 400.70001220703125 400.399993896484375 400.100006103515625 389 381.79998779296875 374.600006103515625 367.399993896484375 360.100006103515625 361.600006103515625 363.600006103515625 365.70001220703125 367.70001220703125 369.70001220703125 367 363.899993896484375 360.79998779296875 357.70001220703125 354.600006103515625 347.399993896484375 339.899993896484375 332.399993896484375 324.79998779296875 317.29998779296875 307.899993896484375 298.399993896484375 288.899993896484375 279.29998779296875 269.79998779296875 272.20001220703125 275.5 -9999 -9999 -9999 -9999 -9999 -9999 -9999 -9999 -9999 -9999 -9999 -9999 -9999 -9999 -9999 -9999 -9999
410.399993896484375 410.5 410.600006103515625 410.70001220703125 393.79998779296875 377.399993896484375 371.29998779296875 365.20001220703125 359.100006103515625 361 363.399993896484375 365.899993896484375 368.29998779296875 370.79998779296875 369.20001220703125 367.399993896484375 365.5 363.70001220703125 361.79998779296875 354.600006103515625 347.100006103515625 339.5 332 324.399993896484375 313.79998779296875 303 292.20001220703125 281.399993896484375 270.600006103515625 271.600006103515625 273.399993896484375 -9999 -9999 -9999 -9999 -9999 -9999 -9999 -9999 -9999 -9999 -9999 -9999 -9999 -9999 -9999 -9999 -9999
419.79998779296875 420.29998779296875 420.79998779296875 421.29998779296875 401.20001220703125 379.79998779296875 368 363 358 360.399993896484375 363.29998779296875 366.100006103515625 369 371.79998779296875 371.399993896484375 370.79998779296875 370.20001220703125 369.600006103515625 369 361.899993896484375 354.29998779296875 346.70001220703125 339.100006103515625 331.5 319.70001220703125 307.70001220703125 295.600006103515625 283.5 271.5 271 271.29998779296875 -9999 -9999 -9999 -9999 -9999 -9999 -9999 -9999 -9999 -9999 -9999 -9999 -9999 -9999 -9999 -9999 -9999
429.20001220703125 430.100006103515625 431 431.899993896484375 408.600006103515625 383.70001220703125 364.70001220703125 360.79998779296875 357 359.79998779296875 363.100006103515625 366.29998779296875 369.600006103515625 372.79998779296875 373.70001220703125 374.29998779296875 375 375.600006103515625 376.29998779296875 369.20001220703125 361.5 353.899993896484375 346.29998779296875 338.600006103515625 325.70001220703125 312.29998779296875 299 285.600006103515625 272.29998779296875 270.29998779296875 269.20001220703125 -9999 -9999 -9999 -9999 -9999 -9999 -9999 -9999 -9999 -9999 -9999 -9999 -9999 -9999 -9999 -9999 -9999
427.100006103515625 428.600006103515625 430.100006103515625 431.600006103515625 408.70001220703125 384.29998779296875 359.899993896484375 350.899993896484375 346.100006103515625 348.899993896484375 352.29998779296875 355.70001220703125 359 362.399993896484375 362.79998779296875 363.100006103515625 363.399993896484375 363.600006103515625 363.899993896484375 358.20001220703125 352.100006103515625 346.100006103515625 340 333.899993896484375 322.20001220703125 310 297.79998779296875 285.70001220703125 273.5 271.29998779296875 269.899993896484375 -9999 -9999 -9999 -9999 -9999 -9999 -9999 -9999 -9999 -9999 -9999 -9999 -9999 -9999 -9999 -9999 -9999
424.20001220703125 426.399993896484375 428.5 430.70001220703125 408.399993896484375 384.70001220703125 360.899993896484375 340.600006103515625 334.600006103515625 337.399993896484375 340.899993896484375 344.29998779296875 347.79998779296875 351.29998779296875 351.29998779296875 351 350.79998779296875 350.600006103515625 350.399993896484375 346.20001220703125 341.79998779296875 337.399993896484375 332.899993896484375 328.5 318.100006103515625 307.29998779296875 296.5 285.600006103515625 274.79998779296875 272.5 -9999 -9999 -9999 -9999 -9999 -9999 -9999 -9999 -9999 -9999 -9999 -9999 -9999 -9999 -9999 -9999 -9999 -9999
421.29998779296875 424.20001220703125 427 429.79998779296875 408.20001220703125 385 361.79998779296875 338.70001220703125 323.100006103515625 325.899993896484375 329.5 333 336.600006103515625 340.100006103515625 339.70001220703125 339 338.29998779296875 337.5 336.79998779296875 334.20001220703125 331.399993896484375 328.70001220703125 325.899993896484375 323.100006103515625 314.100006103515625 304.600006103515625 295.100006103515625 285.600006103515625 276.100006103515625 273.600006103515625 -9999 -9999 -9999 -9999 -9999 -9999 -9999 -9999 -9999 -9999 -9999 -9999 -9999 -9999 -9999 -9999 -9999 -9999
418.5 422 425.399993896484375 428.899993896484375 407.899993896484375 385.399993896484375 362.79998779296875 340.29998779296875 317.79998779296875 314.5 318.100006103515625 321.70001220703125 325.399993896484375 329 328.100006103515625 326.899993896484375 325.70001220703125 324.5 323.29998779296875 322.20001220703125 321.100006103515625 320 318.899993896484375 317.79998779296875 310 301.899993896484375 293.70001220703125 285.5 277.29998779296875 274.70001220703125 -9999 -9999 -9999 -9999 -9999 -9999 -9999 -9999 -9999 -9999 -9999 -9999 -9999 -9999 -9999 -9999 -9999 -9999
415.600006103515625 419.79998779296875 423.899993896484375 428 407.600006103515625 385.70001220703125 363.79998779296875 341.899993896484375 320 317.5 316.29998779296875 315.100006103515625 314.20001220703125 317.899993896484375 316.5 314.899993896484375 313.20001220703125 311.5 309.79998779296875 310.20001220703125 310.70001220703125 311.29998779296875 311.79998779296875 312.399993896484375 306 299.20001220703125 292.29998779296875 285.399993896484375 278.600006103515625 275.79998779296875 -9999 -9999 -9999 -9999 -9999 -9999 -9999 -9999 -9999 -9999 -9999 -9999 -9999 -9999 -9999 -9999 -9999 -9999
419.29998779296875 423.29998779296875 427.20001220703125 431.100006103515625 410.70001220703125 388.70001220703125 366.79998779296875 344.79998779296875 322.899993896484375 319 316.20001220703125 313.5 310.79998779296875 312.600006103515625 311.600006103515625 310.399993896484375 309.20001220703125 308 306.79998779296875 307.79998779296875 309.100006103515625 310.29998779296875 311.5 312.79998779296875 305.899993896484375 298.600006103515625 291.20001220703125 283.79998779296875 276.399993896484375 274 -9999 -9999 -9999 -9999 -9999 -9999 -9999 -9999 -9999 -9999 -9999 -9999 -9999 -9999 -9999 -9999 -9999 -9999
423.399993896484375 427.100006103515625 430.79998779296875 434.5 413.899993896484375 391.899993896484375 369.899993896484375 347.79998779296875 325.79998779296875 320.29998779296875 315.899993896484375 311.5 307.100006103515625 307.600006103515625 307 306.29998779296875 305.70001220703125 305 304.399993896484375 306.100006103515625 307.899993896484375 309.79998779296875 311.600006103515625 313.5 306.100006103515625 298.100006103515625 290.100006103515625 282.100006103515625 274.100006103515625 -9999 -9999 -9999 -9999 -9999 -9999 -9999 -9999 -9999 -9999 -9999 -9999 -9999 -9999 -9999 -9999 -9999 -9999 -9999
427.5 430.899993896484375 434.399993896484375 437.79998779296875 417.20001220703125 395.100006103515625 372.899993896484375 350.79998779296875 328.70001220703125 321.600006103515625 315.600006103515625 309.5 303.5 302.600006103515625 302.399993896484375 302.29998779296875 302.20001220703125 302.100006103515625 302 304.29998779296875 306.79998779296875 309.29998779296875 311.70001220703125 314.20001220703125 306.29998779296875 297.70001220703125 289 280.29998779296875 271.70001220703125 -9999 -9999 -9999 -9999 -9999 -9999 -9999 -9999 -9999 -9999 -9999 -9999 -9999 -9999 -9999 -9999 -9999 -9999 -9999
431.600006103515625 434.79998779296875 438 441.20001220703125 420.5 398.20001220703125 376 353.79998779296875 331.600006103515625 323 315.29998779296875 307.600006103515625 299.79998779296875 297.600006103515625 297.899993896484375 298.29998779296875 298.70001220703125 299.100006103515625 299.600006103515625 302.5 305.600006103515625 308.70001220703125 311.899993896484375 315 306.5 297.20001220703125 287.899993896484375 278.600006103515625 269.29998779296875 268 -9999 -9999 -9999 -9999 -9999 -9999 -9999 -9999 -9999 -9999 -9999 -9999 -9999 -9999 -9999 -9999 -9999 -9999
435.70001220703125 438.600006103515625 441.600006103515625 444.5 423.70001220703125 401.399993896484375 379.100006103515625 356.79998779296875 334.5 324.29998779296875 314.899993896484375 305.600006103515625 296.29998779296875 292.600006103515625 293.29998779296875 294.29998779296875 295.20001220703125 296.20001220703125 297.20001220703125 300.70001220703125 304.5 308.20001220703125 312 315.70001220703125 306.70001220703125 296.70001220703125 286.79998779296875 276.899993896484375 269.399993896484375 268.899993896484375 268.100006103515625 -9999 -9999 -9999 -9999 -9999 -9999 -9999 -9999 -9999 -9999 -9999 -9999 -9999 -9999 -9999 -9999 -9999
428.70001220703125 431 433.29998779296875 435.5 416.399993896484375 396 375.5 355 334.5 324.5 315.100006103515625 305.70001220703125 298.100006103515625 295.100006103515625 295.29998779296875 295.70001220703125 296.20001220703125 296.600006103515625 297.100006103515625 300.100006103515625 303.20001220703125 306.399993896484375 309.5 312.70001220703125 304.399993896484375 295.29998779296875 286.20001220703125 277.100006103515625 268 267.29998779296875 267 266.79998779296875 -9999 -9999 -9999 -9999 -9999 -9999 -9999 -9999 -9999 -9999 -9999 -9999 -9999 -9999 -9999 -9999
421 422.600006103515625 424.20001220703125 425.79998779296875 408.5 390 371.399993896484375 352.899993896484375 334.399993896484375 324.600006103515625 315.20001220703125 305.899993896484375 300.20001220703125 298 297.70001220703125 297.600006103515625 297.399993896484375 297.29998779296875 297.100006103515625 299.5 302 304.5 307 309.5 302 293.79998779296875 285.70001220703125 277.5 269.29998779296875 267.29998779296875 265.79998779296875 -9999 -9999 -9999 -9999 -9999 -9999 -9999 -9999 -9999 -9999 -9999 -9999 -9999 -9999 -9999 -9999 -9999
413.399993896484375 414.29998779296875 415.100006103515625 416 400.5 384 367.399993896484375 350.899993896484375 334.29998779296875 324.600006103515625 315.399993896484375 306.20001220703125 302.29998779296875 300.899993896484375 300.100006103515625 299.399993896484375 298.70001220703125 297.899993896484375 297.20001220703125 298.899993896484375 300.70001220703125 302.600006103515625 304.399993896484375 306.20001220703125 299.600006103515625 292.399993896484375 285.100006103515625 277.899993896484375 -9999 -9999 -9999 -9999 -9999 -9999 -9999 -9999 -9999 -9999 -9999 -9999 -9999 -9999 -9999 -9999 -9999 -9999 -9999 -9999
405.70001220703125 405.899993896484375 406.100006103515625 406.29998779296875 392.600006103515625 378 363.399993896484375 348.79998779296875 334.20001220703125 324.70001220703125 315.600006103515625 306.399993896484375 304.399993896484375 303.79998779296875 302.5 301.20001220703125 299.899993896484375 298.600006103515625 297.29998779296875 298.29998779296875 299.5 300.600006103515625 301.79998779296875 303 297.20001220703125 290.899993896484375 284.600006103515625 278.29998779296875 -9999 -9999 -9999 -9999 -9999 -9999 -9999 -9999 -9999 -9999 -9999 -9999 -9999 -9999 -9999 -9999 -9999 -9999 -9999 -9999
398 397.5 397 396.5 384.600006103515625 372 359.29998779296875 346.70001220703125 334.100006103515625 324.79998779296875 315.70001220703125 306.70001220703125 306.5 306.70001220703125 304.899993896484375 303 301.100006103515625 299.20001220703125 297.29998779296875 297.70001220703125 298.20001220703125 298.70001220703125 299.20001220703125 299.79998779296875 294.79998779296875 289.399993896484375 284 278.70001220703125 273.29998779296875 -9999 -9999 -9999 -9999 -9999 -9999 -9999 -9999 -9999 -9999 -9999 -9999 -9999 -9999 -9999 -9999 -9999 -9999 -9999
396 395.29998779296875 394.5 393.70001220703125 381.899993896484375 369.399993896484375 356.899993896484375 344.29998779296875 331.79998779296875 322.899993896484375 314.100006103515625 308.5 308.70001220703125 308.899993896484375 306.70001220703125 304.5 302.20001220703125 299.899993896484375 297.600006103515625 297.70001220703125 298 298.29998779296875 298.600006103515625 298.899993896484375 293.79998779296875 288.20001220703125 282.70001220703125 277.100006103515625 271.5 -9999 -9999 -9999 -9999 -9999 -9999 -9999 -9999 -9999 -9999 -9999 -9999 -9999 -9999 -9999 -9999 -9999 -9999 -9999
