DatosClimaticos/DatosMaxEnt/2023/BIO13_2023.asc
ncols        206
nrows        206
xllcorner    -76.208333333333
yllcorner    4.492353333333
cellsize     0.008330000000
NODATA_value -9999
[rows 110 to 131 of 206, columns 96 to 143 of 206]
300.70001220703125 292.79998779296875 283 273.100006103515625 263.29998779296875 253.399993896484375 243.5 240.600006103515625 237.899993896484375 235.1999969482421875 232.5 229.899993896484375 229.899993896484375 230.100006103515625 230.3000030517578125 230.5 230.6999969482421875 228.8000030517578125 226.899993896484375 225 223.100006103515625 221.1999969482421875 222.3000030517578125 232.3000030517578125 243.899993896484375 256.100006103515625 270.100006103515625 286 311.29998779296875 341.29998779296875 371.29998779296875 401.29998779296875 428.79998779296875 456.100006103515625 483.399993896484375 510.79998779296875 538.0999755859375 562.9000244140625 587.5999755859375 612.29998779296875 636.9000244140625 661.5999755859375 672.79998779296875 683.20001220703125 693.5 703.9000244140625 714.29998779296875 722
304.100006103515625 297.79998779296875 288.600006103515625 279.20001220703125 269.79998779296875 260.399993896484375 251 247.100006103515625 243.399993896484375 239.8000030517578125 236.100006103515625 232.5 232 231.600006103515625 231.1999969482421875 230.8000030517578125 230.399993896484375 230 229.5 229 228.600006103515625 228.100006103515625 231.6999969482421875 241.399993896484375 251.100006103515625 260.79998779296875 271.70001220703125 296 327.100006103515625 358.20001220703125 389.29998779296875 420.399993896484375 443.29998779296875 465.79998779296875 488.20001220703125 510.70001220703125 533.0999755859375 558.0999755859375 583.29998779296875 608.4000244140625 633.5999755859375 658.70001220703125 668.79998779296875 678 687.20001220703125 696.4000244140625 705.5999755859375 713.79998779296875
307.5 302.899993896484375 294.100006103515625 285.20001220703125 276.29998779296875 267.29998779296875 258.399993896484375 253.600006103515625 249 244.399993896484375 239.6999969482421875 235.100006103515625 234 234.6999969482421875 238.399993896484375 242 245.6999969482421875 231.8000030517578125 232.100006103515625 233.100006103515625 234 235 242.6999969482421875 250.5 258.29998779296875 266.100006103515625 278.70001220703125 310.70001220703125 342.899993896484375 375.100006103515625 407.29998779296875 439.5 457.79998779296875 475.399993896484375 493 510.600006103515625 528.20001220703125 553.4000244140625 579 604.5999755859375 630.20001220703125 655.79998779296875 664.79998779296875 672.9000244140625 680.9000244140625 689 697 705.70001220703125
304.70001220703125 300.100006103515625 292.70001220703125 285.20001220703125 277.79998779296875 270.29998779296875 262.79998779296875 258.20001220703125 253.6999969482421875 249.1999969482421875 244.8000030517578125 240.3000030517578125 239.399993896484375 238.6999969482421875 238 238 242.5 236.6999969482421875 236.899993896484375 237 237.100006103515625 237.3000030517578125 242 250 258.100006103515625 266.20001220703125 276.899993896484375 309.70001220703125 342.79998779296875 376 409.100006103515625 442.20001220703125 458.70001220703125 474.399993896484375 490 505.600006103515625 521.20001220703125 544.5999755859375 568.29998779296875 592.0999755859375 615.79998779296875 639.5999755859375 647.9000244140625 655.4000244140625 662.9000244140625 670.4000244140625 677.79998779296875 688.4000244140625
301.600006103515625 296.899993896484375 291 285 279 273 267 262.70001220703125 258.399993896484375 254.1999969482421875 249.899993896484375 245.600006103515625 245.100006103515625 244.600006103515625 244.1999969482421875 243.8000030517578125 243.399993896484375 242.600006103515625 241.8000030517578125 240.899993896484375 240.100006103515625 239.3000030517578125 240.6999969482421875 249.100006103515625 257.600006103515625 266 274.399993896484375 308 342 376.100006103515625 410.100006103515625 444.100006103515625 459 472.79998779296875 486.600006103515625 500.399993896484375 514.20001220703125 535.5 557.29998779296875 579.0999755859375 600.9000244140625 622.70001220703125 630.5 637.4000244140625 644.29998779296875 651.20001220703125 658.0999755859375 670.70001220703125
298.5 293.79998779296875 289.29998779296875 284.79998779296875 280.29998779296875 275.79998779296875 271.29998779296875 267.20001220703125 263.100006103515625 259.100006103515625 255 250.899993896484375 250.6999969482421875 250.600006103515625 250.5 250.399993896484375 250.1999969482421875 248.5 246.6999969482421875 244.899993896484375 243.100006103515625 241.3000030517578125 240.100006103515625 248.1999969482421875 257 265.79998779296875 274.79998779296875 306.29998779296875 341.20001220703125 376.20001220703125 411.100006103515625 446.100006103515625 459.20001220703125 471.20001220703125 483.20001220703125 495.100006103515625 507.100006103515625 526.5 546.4000244140625 566.20001220703125 586 605.9000244140625 613 619.29998779296875 625.70001220703125 632.0999755859375 638.4000244140625 653
295.399993896484375 290.600006103515625 287.5 284.5 281.5 278.5 275.5 271.70001220703125 267.79998779296875 264 260.100006103515625 256.29998779296875 256.29998779296875 256.5 256.70001220703125 256.899993896484375 257.100006103515625 254.399993896484375 251.600006103515625 248.8000030517578125 246.100006103515625 243.3000030517578125 241.8000030517578125 247.3000030517578125 256.5 265.600006103515625 275.20001220703125 304.5 340.399993896484375 376.29998779296875 412.100006103515625 448 459.5 469.600006103515625 479.79998779296875 489.899993896484375 500.100006103515625 517.5 535.4000244140625 553.29998779296875 571.0999755859375 589 595.5 601.29998779296875 607.0999755859375 612.9000244140625 618.70001220703125 635.4000244140625
292.29998779296875 287.399993896484375 285.79998779296875 284.29998779296875 282.79998779296875 281.29998779296875 279.79998779296875 276.20001220703125 272.600006103515625 268.899993896484375 265.29998779296875 261.600006103515625 261.899993896484375 262.399993896484375 262.899993896484375 263.399993896484375 263.899993896484375 260.29998779296875 256.5 252.8000030517578125 249 245.3000030517578125 244.8000030517578125 248.3000030517578125 255.899993896484375 265.399993896484375 275.70001220703125 302.79998779296875 339.600006103515625 376.399993896484375 413.100006103515625 449.899993896484375 459.70001220703125 468 476.399993896484375 484.70001220703125 493 508.5 524.4000244140625 540.29998779296875 556.20001220703125 572.0999755859375 578 583.20001220703125 588.5 593.79998779296875 599 617.70001220703125
297.29998779296875 291.899993896484375 288.79998779296875 285.79998779296875 282.70001220703125 279.70001220703125 276.70001220703125 273.79998779296875 271 268.100006103515625 265.29998779296875 262.399993896484375 262.399993896484375 262.600006103515625 262.79998779296875 263 263.100006103515625 260.70001220703125 258.20001220703125 255.600006103515625 253.100006103515625 250.5 251.100006103515625 254.100006103515625 257.100006103515625 262.5 278.20001220703125 309.899993896484375 342.29998779296875 374.600006103515625 407 439.29998779296875 449.20001220703125 457.79998779296875 466.5 475.100006103515625 483.79998779296875 499.70001220703125 516.0999755859375 532.4000244140625 548.79998779296875 565.20001220703125 570.29998779296875 574.79998779296875 579.20001220703125 583.70001220703125 588.20001220703125 604.70001220703125
302.70001220703125 296.70001220703125 292 287.29998779296875 282.600006103515625 278 273.29998779296875 271.100006103515625 269.100006103515625 267.100006103515625 265 263 262.70001220703125 262.5 262.399993896484375 262.20001220703125 262 260.79998779296875 259.600006103515625 258.399993896484375 257.20001220703125 256 257 259.600006103515625 262.29998779296875 267.100006103515625 290.100006103515625 317.5 345.100006103515625 372.79998779296875 400.399993896484375 428 438.100006103515625 447.20001220703125 456.20001220703125 465.29998779296875 474.399993896484375 490.899993896484375 507.899993896484375 524.79998779296875 541.79998779296875 558.70001220703125 563.0999755859375 566.79998779296875 570.4000244140625 574.0999755859375 577.79998779296875 591.9000244140625
308.100006103515625 301.5 295.20001220703125 288.899993896484375 282.5 276.20001220703125 269.899993896484375 268.399993896484375 267.20001220703125 266 264.79998779296875 263.5 263 262.5 261.899993896484375 261.399993896484375 260.899993896484375 261 261.100006103515625 261.20001220703125 261.29998779296875 261.399993896484375 262.899993896484375 265.20001220703125 267.5 276.899993896484375 302.100006103515625 325.100006103515625 348 370.899993896484375 393.899993896484375 416.79998779296875 427 436.5 446 455.600006103515625 465.100006103515625 482.20001220703125 499.70001220703125 517.20001220703125 534.70001220703125 552.20001220703125 555.9000244140625 558.79998779296875 561.5999755859375 564.5 567.4000244140625 579.20001220703125
313.5 306.29998779296875 298.399993896484375 290.399993896484375 282.399993896484375 274.5 266.5 265.79998779296875 265.29998779296875 264.899993896484375 264.5 264.100006103515625 263.20001220703125 262.399993896484375 261.5 260.70001220703125 259.79998779296875 261.100006103515625 262.5 264 265.399993896484375 266.79998779296875 268.79998779296875 270.70001220703125 272.70001220703125 286.70001220703125 314 332.70001220703125 350.899993896484375 369.100006103515625 387.29998779296875 405.5 415.899993896484375 425.899993896484375 435.79998779296875 445.79998779296875 455.70001220703125 473.399993896484375 491.5 509.600006103515625 527.70001220703125 545.79998779296875 548.70001220703125 550.79998779296875 552.79998779296875 554.9000244140625 557 566.5
318.899993896484375 311.20001220703125 301.600006103515625 292 282.29998779296875 272.70001220703125 263.100006103515625 263.100006103515625 263.5 263.899993896484375 264.29998779296875 264.70001220703125 263.5 262.29998779296875 261.100006103515625 259.899993896484375 258.70001220703125 261.29998779296875 264 266.70001220703125 269.5 272.5 274.70001220703125 276.29998779296875 277.899993896484375 296.399993896484375 326 340.29998779296875 353.79998779296875 367.29998779296875 380.79998779296875 394.29998779296875 404.79998779296875 415.20001220703125 425.600006103515625 436 446.399993896484375 464.600006103515625 483.29998779296875 502 520.5999755859375 539.29998779296875 541.5 542.79998779296875 544 545.29998779296875 546.5 553.70001220703125
318.20001220703125 310.29998779296875 300.79998779296875 291.100006103515625 281.5 271.899993896484375 262.29998779296875 262.600006103515625 263.399993896484375 264.20001220703125 265 265.79998779296875 264.70001220703125 263.5 262.20001220703125 261 259.79998779296875 261.70001220703125 263.70001220703125 265.79998779296875 267.899993896484375 275.20001220703125 276.899993896484375 278 279.100006103515625 283.70001220703125 309.70001220703125 323.29998779296875 336.20001220703125 349.100006103515625 362 374.899993896484375 388.20001220703125 401.399993896484375 414.70001220703125 427.899993896484375 441.20001220703125 457.899993896484375 474.79998779296875 491.79998779296875 508.70001220703125 525.5999755859375 526 525.5 524.9000244140625 524.4000244140625 523.9000244140625 534.4000244140625
317.29998779296875 309.20001220703125 299.70001220703125 290.20001220703125 280.600006103515625 271.100006103515625 261.600006103515625 262.29998779296875 263.5 264.70001220703125 265.899993896484375 267.100006103515625 265.899993896484375 264.70001220703125 263.399993896484375 262.20001220703125 261 262.100006103515625 263.399993896484375 264.70001220703125 266 277.70001220703125 278.899993896484375 279.600006103515625 280.20001220703125 280.79998779296875 292 305 317.5 330.100006103515625 342.600006103515625 355.100006103515625 371.20001220703125 387.399993896484375 403.70001220703125 419.899993896484375 436.100006103515625 451.29998779296875 466.29998779296875 481.399993896484375 496.5 511.600006103515625 510.100006103515625 507.70001220703125 505.29998779296875 503 500.600006103515625 514.70001220703125
316.399993896484375 308 298.600006103515625 289.20001220703125 279.79998779296875 270.399993896484375 260.899993896484375 262 263.600006103515625 265.20001220703125 266.70001220703125 268.29998779296875 267.20001220703125 265.899993896484375 264.600006103515625 263.399993896484375 262.100006103515625 262.600006103515625 263.100006103515625 263.600006103515625 268.100006103515625 280.20001220703125 281 281.100006103515625 281.20001220703125 281.399993896484375 281.5 286.79998779296875 298.899993896484375 311.100006103515625 323.20001220703125 335.399993896484375 354.20001220703125 373.399993896484375 392.70001220703125 411.899993896484375 431.100006103515625 444.600006103515625 457.79998779296875 471.100006103515625 484.29998779296875 497.5 494.20001220703125 490 485.70001220703125 481.5 477.29998779296875 495
315.5 306.899993896484375 297.600006103515625 288.20001220703125 278.899993896484375 269.600006103515625 260.29998779296875 261.79998779296875 263.70001220703125 265.600006103515625 267.600006103515625 269.5 268.399993896484375 267.100006103515625 265.899993896484375 264.600006103515625 263.29998779296875 263 262.70001220703125 262.399993896484375 271.79998779296875 282.79998779296875 283 282.600006103515625 282.29998779296875 282 281.600006103515625 285.899993896484375 290.5 295 303.79998779296875 315.600006103515625 337.29998779296875 359.5 381.70001220703125 403.899993896484375 426.100006103515625 438 449.399993896484375 460.70001220703125 472.100006103515625 483.5 478.29998779296875 472.20001220703125 466.100006103515625 460 459.20001220703125 475.29998779296875
314.600006103515625 305.70001220703125 296.5 287.29998779296875 278.100006103515625 268.79998779296875 259.600006103515625 261.5 263.79998779296875 266.100006103515625 268.399993896484375 270.70001220703125 269.600006103515625 268.29998779296875 267.100006103515625 265.79998779296875 264.5 263.399993896484375 262.399993896484375 265.899993896484375 275.600006103515625 285.29998779296875 285 284.20001220703125 283.399993896484375 282.600006103515625 281.70001220703125 286 290.600006103515625 295.100006103515625 299.600006103515625 304.20001220703125 320.29998779296875 345.5 370.70001220703125 395.79998779296875 421 431.399993896484375 440.899993896484375 450.399993896484375 459.899993896484375 469.399993896484375 462.399993896484375 454.5 446.5 438.600006103515625 447.100006103515625 455.600006103515625
313.70001220703125 305.29998779296875 296.600006103515625 287.79998779296875 279.100006103515625 270.29998779296875 261.600006103515625 263.29998779296875 265.5 267.70001220703125 270 272.20001220703125 271.79998779296875 271.20001220703125 270.70001220703125 270.20001220703125 269.600006103515625 268 266.29998779296875 264.70001220703125 269.29998779296875 279.20001220703125 280.79998779296875 282 283.29998779296875 284.5 285.70001220703125 290.100006103515625 294.70001220703125 299.29998779296875 303.899993896484375 308.5 317.600006103515625 338.399993896484375 359.29998779296875 380.100006103515625 401 411.20001220703125 420.79998779296875 430.399993896484375 440 449.600006103515625 444.79998779296875 439.100006103515625 433.399993896484375 429 439.600006103515625 443.70001220703125
312.899993896484375 305 296.70001220703125 288.5 280.20001220703125 271.899993896484375 263.600006103515625 265.29998779296875 267.399993896484375 269.5 271.5 273.600006103515625 273.899993896484375 274.20001220703125 274.5 274.70001220703125 275 272.79998779296875 270.5 268.20001220703125 265.899993896484375 272.600006103515625 276.29998779296875 279.70001220703125 283.100006103515625 286.5 289.899993896484375 294.5 299.100006103515625 303.70001220703125 308.29998779296875 313 316.100006103515625 331.79998779296875 347.899993896484375 364 380.100006103515625 390.20001220703125 400 409.899993896484375 419.70001220703125 429.5 427 423.899993896484375 420.70001220703125 423 432.29998779296875 432.20001220703125
312 304.600006103515625 296.899993896484375 289.100006103515625 281.29998779296875 273.5 265.70001220703125 267.29998779296875 269.20001220703125 271.20001220703125 273.100006103515625 275.100006103515625 276.100006103515625 277.20001220703125 278.20001220703125 279.29998779296875 280.29998779296875 277.600006103515625 274.70001220703125 271.79998779296875 268.899993896484375 266 271.79998779296875 277.29998779296875 282.899993896484375 288.5 294.100006103515625 298.79998779296875 303.5 308.20001220703125 312.79998779296875 317.5 320 325.100006103515625 336.5 347.899993896484375 359.20001220703125 369.29998779296875 379.29998779296875 389.29998779296875 399.29998779296875 409.29998779296875 409.29998779296875 408.600006103515625 408.79998779296875 416.899993896484375 425 424.399993896484375
311.100006103515625 304.29998779296875 297 289.70001220703125 282.399993896484375 275.100006103515625 267.79998779296875 269.20001220703125 271.100006103515625 272.899993896484375 274.70001220703125 276.5 278.29998779296875 280.20001220703125 282 283.79998779296875 285.70001220703125 282.399993896484375 278.899993896484375 275.399993896484375 271.899993896484375 268.399993896484375 267.20001220703125 275 282.79998779296875 290.5 298.29998779296875 303.20001220703125 307.899993896484375 312.600006103515625 317.29998779296875 322 323.899993896484375 325.70001220703125 327.399993896484375 331.70001220703125 338.399993896484375 348.399993896484375 358.600006103515625 368.79998779296875 379 389.20001220703125 391.5 397.20001220703125 404 410.899993896484375 417.79998779296875 417.399993896484375
