DatosClimaticos/DatosMaxEnt/2023/BIO3_2023.asc
ncols        206
nrows        206
xllcorner    -76.208333333333
yllcorner    4.492353333333
cellsize     0.008330000000
NODATA_value -9999
[rows 80 to 99 of 206, columns 88 to 131 of 206]
73.7047882080078125 73.69739532470703125 73.739715576171875 73.619903564453125 73.60810089111328125 73.44371795654296875 73.30431365966796875 73.1663055419921875 72.955291748046875 72.84152984619140625 72.8118133544921875 72.77046966552734375 72.5447235107421875 -9999 -9999 -9999 -9999 -9999 -9999 -9999 -9999 -9999 -9999 -9999 -9999 -9999 -9999 -9999 -9999 -9999 -9999 -9999 -9999 -9999 -9999 -9999 -9999 -9999 78.98773193359375 79.16666412353515625 78.98614501953125 78.73279571533203125 78.53558349609375 78.2021636962890625
73.34332275390625 73.44704437255859375 73.495849609375 73.6067047119140625 73.74146270751953125 73.5871124267578125 73.37288665771484375 73.19309234619140625 73.07623291015625 72.84482574462890625 72.8468475341796875 72.71825408935546875 72.48104095458984375 -9999 -9999 -9999 -9999 -9999 -9999 -9999 -9999 -9999 -9999 -9999 -9999 -9999 -9999 -9999 -9999 -9999 -9999 -9999 -9999 -9999 -9999 -9999 -9999 79.0158843994140625 79.210601806640625 79.27593231201171875 78.97777557373046875 78.7095794677734375 78.33179473876953125 77.793426513671875
72.96561431884765625 73.14719390869140625 73.392730712890625 73.61258697509765625 73.8351287841796875 73.6587982177734375 73.48322296142578125 73.3155059814453125 73.10767364501953125 73.0120697021484375 72.778961181640625 72.59615325927734375 72.41255950927734375 72.228179931640625 -9999 -9999 -9999 -9999 -9999 -9999 -9999 -9999 -9999 -9999 -9999 -9999 -9999 -9999 -9999 -9999 -9999 -9999 -9999 -9999 78.9285736083984375 79.10735321044921875 79.1814422607421875 79.26236724853515625 79.3060455322265625 79.4444427490234375 79.002685546875 78.61060333251953125 78.042327880859375 77.21799468994140625
73.1865692138671875 73.3435821533203125 73.48720550537109375 73.6519622802734375 73.8120574951171875 73.67767333984375 73.52523040771484375 73.31201171875 73.09879302978515625 72.8855743408203125 72.8833160400390625 72.749908447265625 72.55686187744140625 72.468017578125 72.21630859375 -9999 -9999 -9999 -9999 -9999 -9999 -9999 -9999 -9999 -9999 -9999 -9999 -9999 -9999 75.20459747314453125 75.848907470703125 76.59098052978515625 77.27272796630859375 78.005462646484375 78.67028045654296875 78.761993408203125 78.85649871826171875 79.0175933837890625 79.14807891845703125 79.25185394287109375 78.84149932861328125 78.35186767578125 77.64400482177734375 76.92678070068359375
73.3884429931640625 73.47869873046875 73.579742431640625 73.70062255859375 73.7894744873046875 73.60964202880859375 73.50653839111328125 73.33333587646484375 73.07213592529296875 72.8098297119140625 72.86553192138671875 72.79907989501953125 72.64051055908203125 72.5422821044921875 72.37442779541015625 -9999 -9999 -9999 -9999 -9999 -9999 -9999 -9999 -9999 -9999 -9999 -9999 -9999 74.76673126220703125 75.33049774169921875 75.95282745361328125 76.57511138916015625 77.08718109130859375 77.7089080810546875 78.3074798583984375 78.42736053466796875 78.617919921875 78.80023956298828125 78.895416259765625 79.04633331298828125 78.587860107421875 77.96279144287109375 77.32855224609375 76.6357421875
73.58631134033203125 73.62784576416015625 73.678863525390625 73.739715576171875 73.767364501953125 73.619842529296875 73.565643310546875 73.381103515625 72.97657012939453125 72.7337646484375 72.778961181640625 72.80608367919921875 72.782470703125 72.6827545166015625 72.61035919189453125 -9999 -9999 -9999 -9999 -9999 -9999 -9999 -9999 -9999 -9999 -9999 -9999 -9999 74.9357147216796875 75.47214508056640625 75.954620361328125 76.5123138427734375 76.99410247802734375 77.47142791748046875 77.9520263671875 78.12308502197265625 78.2858428955078125 78.37610626220703125 78.57906341552734375 78.68677520751953125 78.11627960205078125 77.5641021728515625 76.9460601806640625 76.294097900390625
73.78847503662109375 73.7823028564453125 73.792755126953125 73.7695159912109375 73.74570465087890625 73.64723968505859375 73.52941131591796875 73.30687713623046875 73.0366058349609375 72.6573638916015625 72.72808074951171875 72.736083984375 72.7789459228515625 72.8211822509765625 72.695220947265625 -9999 -9999 -9999 -9999 -9999 -9999 -9999 -9999 -9999 -9999 -9999 -9999 74.48377227783203125 75.0561981201171875 75.59804534912109375 75.9720916748046875 76.424102783203125 76.8041229248046875 77.18068695068359375 77.5963897705078125 77.67441558837890625 77.8578033447265625 77.97618865966796875 78.01418304443359375 78.18853759765625 77.69145965576171875 77.15544891357421875 76.55381011962890625 75.98628997802734375
73.97859954833984375 73.91732025146484375 73.854583740234375 73.79032135009765625 73.7244873046875 73.6570281982421875 73.58786773681640625 73.36151885986328125 72.9744110107421875 72.5806427001953125 72.63933563232421875 72.69298553466796875 72.81021881103515625 72.80701446533203125 72.9315643310546875 -9999 -9999 -9999 -9999 -9999 -9999 -9999 -9999 -9999 -9999 -9999 -9999 74.59110260009765625 75.1924896240234375 75.73969268798828125 75.96607208251953125 76.352203369140625 76.635223388671875 76.8928680419921875 77.22484588623046875 77.2912750244140625 77.380950927734375 77.47811126708984375 77.54911041259765625 77.64550018310546875 77.22434234619140625 76.7364501953125 76.2106170654296875 75.601287841796875
74.096099853515625 74.00064849853515625 73.95116424560546875 73.91558074951171875 73.79497528076171875 73.6697540283203125 73.58359527587890625 73.5641326904296875 73.1254425048828125 72.68817138671875 72.74582672119140625 72.76080322265625 72.88622283935546875 72.8477935791015625 72.9038848876953125 -9999 -9999 -9999 -9999 -9999 -9999 -9999 -9999 -9999 -9999 -9999 73.81072998046875 74.26129150390625 74.78737640380859375 75.24959564208984375 75.49066925048828125 75.7312774658203125 75.923248291015625 76.2122650146484375 76.45311737060546875 76.53044891357421875 76.55150604248046875 76.62192535400390625 76.5933685302734375 76.69532012939453125 76.40776824951171875 76.03652191162109375 75.82159423828125 75.42647552490234375
74.20856475830078125 74.12071990966796875 74.07677459716796875 73.9407501220703125 73.88324737548828125 73.723876953125 73.6631927490234375 73.5407867431640625 73.23394012451171875 72.7957000732421875 72.79019927978515625 72.837554931640625 72.89272308349609375 72.97274017333984375 72.933746337890625 72.914520263671875 -9999 -9999 -9999 -9999 -9999 -9999 -9999 -9999 72.8033447265625 73.179779052734375 73.57556915283203125 74.00371551513671875 74.40655517578125 74.7191925048828125 74.909332275390625 75.1152801513671875 75.3372802734375 75.49260711669921875 75.63094329833984375 75.64669036865234375 75.68695068359375 75.68627166748046875 75.6686248779296875 75.733856201171875 75.6023101806640625 75.4931488037109375 75.40692138671875 75.3264617919921875
74.33910369873046875 74.2828216552734375 74.1442718505859375 74.07955169677734375 73.9615020751953125 73.8364105224609375 73.68329620361328125 73.53508758544921875 73.3759307861328125 72.903228759765625 72.98329925537109375 72.94086456298828125 72.925384521484375 72.9188232421875 72.96372222900390625 72.92095947265625 73.01175689697265625 72.96875 72.9755706787109375 73.017547607421875 72.96704864501953125 72.9079132080078125 72.91666412353515625 72.9013671875 72.83367919921875 73.1404266357421875 73.34368896484375 73.66117095947265625 73.89969635009765625 74.16921234130859375 74.256256103515625 74.4849700927734375 74.562286376953125 74.689178466796875 74.807373046875 74.82411956787109375 74.75736236572265625 74.71581268310546875 74.65764617919921875 74.607940673828125 74.7811431884765625 74.8217926025390625 75.03429412841796875 75.138458251953125
74.53083038330078125 74.3636932373046875 74.288421630859375 74.11937713623046875 73.9804534912109375 73.87294769287109375 73.6528472900390625 73.52220916748046875 73.36879730224609375 73.01074981689453125 72.99217987060546875 73.07082366943359375 72.9755706787109375 73.01834869384765625 72.99382781982421875 73.0285797119140625 73.139495849609375 73.1751861572265625 73.2373504638671875 73.3508758544921875 73.21240997314453125 73.17736053466796875 73.08972930908203125 72.94292449951171875 72.86414337158203125 72.99755096435546875 73.165618896484375 73.30715179443359375 73.448394775390625 73.5632171630859375 73.654510498046875 73.7538909912109375 73.80089569091796875 73.8402099609375 73.9294281005859375 73.85234832763671875 73.73374176025390625 73.6652984619140625 73.61396026611328125 73.4871826171875 73.798492431640625 74.20635223388671875 74.54088592529296875 74.94775390625
74.60595703125 74.50226593017578125 74.38300323486328125 74.190155029296875 74.1002349853515625 73.89229583740234375 73.70600128173828125 73.51502227783203125 73.31917572021484375 73.136199951171875 73.08990478515625 73.07082366943359375 73.05206298828125 73.03360748291015625 73.01546478271484375 73.153900146484375 73.284820556640625 73.416839599609375 73.54996490478515625 73.68421173095703125 73.52631378173828125 73.3684234619140625 73.2105255126953125 73.05263519287109375 72.89473724365234375 72.8968658447265625 72.9122467041015625 72.93219757080078125 72.9589996337890625 72.91666412353515625 72.96573638916015625 72.9676971435546875 72.993988037109375 73.00246429443359375 73.0108642578125 72.88819122314453125 72.74798583984375 72.5902557373046875 72.4588165283203125 72.3273773193359375 72.93199920654296875 73.56291961669921875 74.12372589111328125 74.80701446533203125
74.374267578125 74.292236328125 74.18161773681640625 74.10306549072265625 74.01015472412109375 73.88774871826171875 73.72925567626953125 73.65337371826171875 73.533050537109375 73.42632293701171875 73.38480377197265625 73.35271453857421875 73.35607147216796875 73.2743682861328125 73.276458740234375 73.4110565185546875 73.4337158203125 73.49982452392578125 73.60821533203125 73.6750335693359375 73.5791473388671875 73.41518402099609375 73.2863616943359375 73.14911651611328125 73.01215362548828125 72.97768402099609375 73.00420379638671875 73.00457000732421875 73.01377105712890625 73.03191375732421875 73.069427490234375 73.05584716796875 73.0511474609375 73.15891265869140625 73.1364288330078125 73.03094482421875 72.8749542236328125 72.67543792724609375 72.59648895263671875 72.4912261962890625 73.02838897705078125 73.65930938720703125 74.2384490966796875 74.82511138916015625
74.158477783203125 74.10823822021484375 74 74.005584716796875 73.91896820068359375 73.82302093505859375 73.829345703125 73.77451324462890625 73.7628173828125 73.6631011962890625 73.6879425048828125 73.61844635009765625 73.6009063720703125 73.5749053955078125 73.52484130859375 73.557861328125 73.61687469482421875 73.62409210205078125 73.5981292724609375 73.66597747802734375 73.572174072265625 73.45423126220703125 73.32816314697265625 73.243804931640625 73.10137176513671875 73.128021240234375 73.187652587890625 73.12108612060546875 73.1724395751953125 73.11403656005859375 73.13838958740234375 73.224334716796875 73.17159271240234375 73.317474365234375 73.29105377197265625 73.2293853759765625 73.108062744140625 72.9518280029296875 72.83104705810546875 72.701751708984375 73.24745941162109375 73.71593475341796875 74.29319000244140625 74.8954010009765625
73.97528839111328125 73.86716461181640625 73.878204345703125 73.83316802978515625 73.82665252685546875 73.84283447265625 73.87786865234375 73.913421630859375 73.95833587646484375 73.959442138671875 74.01700592041015625 73.917633056640625 73.90581512451171875 73.82567596435546875 73.789764404296875 73.73056793212890625 73.73920440673828125 73.6470184326171875 73.681488037109375 73.69872283935546875 73.573883056640625 73.46694183349609375 73.47707366943359375 73.3367462158203125 73.314605712890625 73.241119384765625 73.23387908935546875 73.2093658447265625 73.26929473876953125 73.1944427490234375 73.2236175537109375 73.25296783447265625 73.34384918212890625 73.40724945068359375 73.44632720947265625 73.3509674072265625 73.26462554931640625 73.10126495361328125 73.0154571533203125 72.87718963623046875 73.3210906982421875 73.8743438720703125 74.39916229248046875 74.895721435546875
73.70505523681640625 73.72097015380859375 73.69867706298828125 73.723724365234375 73.73319244384765625 73.82067108154296875 73.952880859375 74.05263519287109375 74.17902374267578125 74.263397216796875 74.24001312255859375 74.22562408447265625 74.150909423828125 74.11180877685546875 74.04712677001953125 73.9712982177734375 73.84522247314453125 73.81320953369140625 73.6539764404296875 73.60540771484375 73.57556915283203125 73.52890777587890625 73.4910125732421875 73.47025299072265625 73.3417510986328125 73.417938232421875 73.3860015869140625 73.37939453125 73.3059539794921875 73.2474212646484375 73.40076446533203125 73.48642730712890625 73.47849273681640625 73.61844635009765625 73.602264404296875 73.55072784423828125 73.42151641845703125 73.36151885986328125 73.241912841796875 73.17351531982421875 73.55718994140625 74.04985809326171875 74.48731231689453125 74.99134063720703125
73.48134613037109375 73.5172882080078125 73.55533599853515625 73.59569549560546875 73.63857269287109375 73.81450653076171875 74.0196075439453125 74.2264404296875 74.35626220703125 74.60993194580078125 74.566986083984375 74.4989471435546875 74.4397735595703125 74.37238311767578125 74.279510498046875 74.17012786865234375 74.0358123779296875 73.91864013671875 73.7277984619140625 73.63945770263671875 73.6096954345703125 73.57456207275390625 73.55364990234375 73.50234222412109375 73.50684356689453125 73.47724151611328125 73.4542999267578125 73.4058685302734375 73.36551666259765625 73.350341796875 73.456787109375 73.530426025390625 73.6053009033203125 73.68143463134765625 73.6981964111328125 73.66419219970703125 73.57874298095703125 73.50246429443359375 73.40013885498046875 73.32456207275390625 73.72467041015625 74.11273193359375 74.58376312255859375 75.01727294921875
73.5052642822265625 73.5739288330078125 73.6083831787109375 73.64340972900390625 73.8095245361328125 73.90810394287109375 74.036102294921875 74.09458160400390625 74.21433258056640625 74.39716339111328125 74.347442626953125 74.33263397216796875 74.3099212646484375 74.17534637451171875 74.11053466796875 73.993804931640625 73.86090850830078125 73.8131866455078125 73.681976318359375 73.56029510498046875 73.53934478759765625 73.52001190185546875 73.49932861328125 73.55254364013671875 73.57357025146484375 73.47876739501953125 73.5397796630859375 73.54229736328125 73.59560394287109375 73.4486236572265625 73.50580596923828125 73.5795440673828125 73.6038818359375 73.619842529296875 73.73149871826171875 73.6874542236328125 73.64340972900390625 73.5407867431640625 73.47046661376953125 73.47046661376953125 73.86443328857421875 74.38239288330078125 74.80982208251953125 75.24913787841796875
73.54361724853515625 73.56983184814453125 73.73438262939453125 73.808319091796875 73.98119354248046875 74.02063751220703125 74.017547607421875 74.0320281982421875 74.09862518310546875 74.08785247802734375 74.13580322265625 74.14125823974609375 74.05184173583984375 73.98858642578125 73.86830902099609375 73.77777862548828125 73.7218780517578125 73.6748199462890625 73.536376953125 73.481781005859375 73.461151123046875 73.4726409912109375 73.52596282958984375 73.55399322509765625 73.5666656494140625 73.59578704833984375 73.67404937744140625 73.5620574951171875 73.64910125732421875 73.66192626953125 73.62815093994140625 73.611114501953125 73.6701202392578125 73.6444244384765625 73.7044830322265625 73.701751708984375 73.61403656005859375 73.603790283203125 73.60964202880859375 73.60817718505859375 74.10713958740234375 74.53125 75.0344696044921875 75.34152984619140625
