DatosClimaticos/DatosMaxEnt/2023/BIO3_2023.asc
ncols        206
nrows        206
xllcorner    -76.208333333333
yllcorner    4.492353333333
cellsize     0.008330000000
NODATA_value -9999
[rows 100 to 119 of 206, columns 132 to 175 of 206]
75.74689483642578125 76.40552520751953125 77.04418182373046875 77.6879119873046875 78.3641357421875 78.9617462158203125 78.91779327392578125 78.8375091552734375 78.78131103515625 78.70102691650390625 78.64031219482421875 78.98272705078125 79.41364288330078125 79.8253936767578125 80.014190673828125 80.00624847412109375 79.9736175537109375 80.0231475830078125 79.99846649169921875 80.01677703857421875 80.00757598876953125 79.8071136474609375 79.450927734375 79.02196502685546875 78.66931915283203125 78.2894744873046875 78.0487823486328125 77.86908721923828125 77.69902801513671875 77.48862457275390625 77.3022613525390625 77.13440704345703125 76.918212890625 76.78871917724609375 76.6526641845703125 76.4459381103515625 76.391204833984375 76.40044403076171875 76.3957977294921875 76.34874725341796875 76.31578826904296875 76.29888153076171875 76.15740966796875 76.15457916259765625
75.85747528076171875 76.39438629150390625 76.9728240966796875 77.55035400390625 78.03542327880859375 78.59539794921875 78.66379547119140625 78.72765350341796875 78.87133026123046875 78.95912933349609375 79.01500701904296875 79.409423828125 79.66571807861328125 79.97948455810546875 79.99686431884765625 79.9471893310546875 79.962890625 79.8969879150390625 79.93572235107421875 79.87823486328125 79.921142578125 79.75867462158203125 79.4739227294921875 79.05144500732421875 78.665191650390625 78.21637725830078125 78.02700042724609375 77.789794921875 77.62027740478515625 77.40329742431640625 77.24576568603515625 77.00421905517578125 76.82379150390625 76.599609375 76.39933013916015625 76.13005828857421875 76.21124267578125 76.27727508544921875 76.1826171875 76.22084808349609375 76.27257537841796875 76.24214935302734375 76.1904754638671875 76.03658294677734375
75.9745635986328125 76.41756439208984375 76.861785888671875 77.323333740234375 77.7191314697265625 78.14286041259765625 78.4444427490234375 78.72576904296875 78.91269683837890625 79.21428680419921875 79.5079345703125 79.6963958740234375 79.9149322509765625 80.0564422607421875 79.97199249267578125 79.88878631591796875 79.83548736572265625 79.80239105224609375 79.8273773193359375 79.78253936767578125 79.77272796630859375 79.7327880859375 79.53453826904296875 79.0625 78.6610565185546875 78.1972503662109375 77.94715118408203125 77.75374603271484375 77.5630035400390625 77.37485504150390625 77.18926239013671875 76.9760894775390625 76.70024871826171875 76.43414306640625 76.14202880859375 75.89531707763671875 75.96259307861328125 76.02965545654296875 76.09648895263671875 76.16310882568359375 76.2295074462890625 76.13698577880859375 76.05863189697265625 75.98755645751953125
75.99933624267578125 76.46673583984375 76.84372711181640625 77.2404937744140625 77.63915252685546875 78.0743560791015625 78.42389678955078125 78.67810821533203125 78.9164276123046875 79.23822784423828125 79.532440185546875 79.74493408203125 80.0236968994140625 80.1729583740234375 80.07958984375 80.0465087890625 80 79.87711334228515625 79.8515472412109375 79.82616424560546875 79.720703125 79.64641571044921875 79.4144134521484375 78.98065185546875 78.5219573974609375 78.0601806640625 77.81884002685546875 77.64824676513671875 77.4656982421875 77.278533935546875 77.18035888671875 76.9884796142578125 76.698822021484375 76.4689483642578125 76.2756500244140625 76.0701446533203125 76.07437896728515625 76.07859039306640625 76.1033477783203125 76.1074676513671875 76.10474395751953125 76.053558349609375 76.03064727783203125 75.99431610107421875
76.0406341552734375 76.43254852294921875 76.8031158447265625 77.27492523193359375 77.5911712646484375 77.9949188232421875 78.3285675048828125 78.63390350341796875 78.9716644287109375 79.19452667236328125 79.541107177734375 79.81410980224609375 80.10931396484375 80.3345947265625 80.27098846435546875 80.1850128173828125 80.06809234619140625 80.02620697021484375 79.91866302490234375 79.79682159423828125 79.66849517822265625 79.55233001708984375 79.2679290771484375 78.85816192626953125 78.43050384521484375 78.00379180908203125 77.74884033203125 77.5646514892578125 77.36872100830078125 77.2179718017578125 77.1203155517578125 76.9009552001953125 76.71979522705078125 76.53856658935546875 76.346099853515625 76.19640350341796875 76.13730621337890625 76.09920501708984375 76.1239013671875 76.06557464599609375 76.0765838623046875 76.01874542236328125 75.96883392333984375 75.89141082763671875
76.11496734619140625 76.4243621826171875 76.8699188232421875 77.234588623046875 77.55118560791015625 77.9234161376953125 78.21734619140625 78.6214599609375 78.9196929931640625 79.22647857666015625 79.5498046875 79.83126068115234375 80.134918212890625 80.5133056640625 80.4925994873046875 80.3838958740234375 80.2423095703125 80.109771728515625 79.96306610107421875 79.80239105224609375 79.6160888671875 79.47320556640625 79.13291168212890625 78.75817108154296875 78.29218292236328125 77.85776519775390625 77.664642333984375 77.467010498046875 77.300567626953125 77.1576080322265625 77.06047821044921875 76.878326416015625 76.732330322265625 76.60256195068359375 76.4375 76.33000946044921875 76.2210235595703125 76.1826171875 76.07505035400390625 76.04422760009765625 75.993194580078125 75.9704132080078125 75.87932586669921875 75.87114715576171875
76.113861083984375 76.49951171875 76.77875518798828125 77.1518402099609375 77.47920989990234375 77.85986328125 78.21247100830078125 78.494110107421875 78.8755950927734375 79.25855255126953125 79.55854034423828125 79.90900421142578125 80.22922515869140625 80.6005706787109375 80.61869049072265625 80.5607757568359375 80.40224456787109375 80.17829132080078125 79.99228668212890625 79.78054046630859375 79.5634918212890625 79.33696746826171875 78.97931671142578125 78.49629974365234375 78.13967132568359375 77.81894683837890625 77.559112548828125 77.41265869140625 77.2468719482421875 77.0621490478515625 77.0008392333984375 76.87674713134765625 76.74629974365234375 76.6374053955078125 76.5151519775390625 76.40044403076171875 76.27727508544921875 76.1826171875 76.10243988037109375 76.02291107177734375 75.9168701171875 75.87398529052734375 75.87256622314453125 75.823211669921875
76.089111328125 76.4749298095703125 76.80487823486328125 77.14585113525390625 77.465576171875 77.78836822509765625 78.1329498291015625 78.4894866943359375 78.847381591796875 79.20665740966796875 79.5673065185546875 79.95041656494140625 80.3480224609375 80.73613739013671875 80.81432342529296875 80.73899078369140625 80.4878082275390625 80.2394256591796875 79.99381256103515625 79.75092315673828125 79.50305938720703125 79.17044830322265625 78.7552337646484375 78.38217926025390625 78.078277587890625 77.72701263427734375 77.51151275634765625 77.35134124755859375 77.193359375 77.037506103515625 76.94140625 76.87517547607421875 76.80217742919921875 76.6722412109375 76.59989166259765625 76.52777862548828125 76.3969573974609375 76.252410888671875 76.1161346435546875 75.9743804931640625 75.834014892578125 75.7913970947265625 75.78336334228515625 75.76860809326171875
76.17987060546875 76.57989501953125 77.00617218017578125 77.42819976806640625 77.76711273193359375 78.2014617919921875 78.41595458984375 78.73288726806640625 79.043060302734375 79.29438018798828125 79.60652923583984375 79.91698455810546875 80.25812530517578125 80.6456756591796875 80.81432342529296875 80.73899078369140625 80.46435546875 80.2394256591796875 80.09903717041015625 79.79705047607421875 79.59902191162109375 79.2007293701171875 78.8110198974609375 78.42962646484375 78.00234222412109375 77.70525360107421875 77.46114349365234375 77.44129180908203125 77.2824249267578125 77.11157989501953125 76.93602752685546875 76.89775848388671875 76.8106842041015625 76.6165008544921875 76.53032684326171875 76.4444427490234375 76.29215240478515625 76.1904754638671875 76.0271148681640625 75.90624237060546875 75.80754852294921875 75.79268646240234375 75.78462982177734375 75.7698516845703125
76.30492401123046875 76.75998687744140625 77.21734619140625 77.675689697265625 78.1349945068359375 78.646331787109375 78.82904052734375 79.00763702392578125 79.254302978515625 79.4178619384765625 79.63761138916015625 79.89962005615234375 80.23218536376953125 80.52381134033203125 80.78505706787109375 80.73899078369140625 80.4878082275390625 80.28607177734375 80.0711212158203125 79.93228912353515625 79.683197021484375 79.2688446044921875 78.80011749267578125 78.459259033203125 77.980377197265625 77.6689910888671875 77.5735321044921875 77.39833831787109375 77.29860687255859375 77.214202880859375 77.01657867431640625 76.97811126708984375 76.76174163818359375 76.668060302734375 76.51071929931640625 76.361114501953125 76.25173187255859375 76.10102081298828125 76.0074005126953125 75.8872528076171875 75.80886077880859375 75.793975830078125 75.79268646240234375 75.7711029052734375
76.37924957275390625 76.9583740234375 77.4366455078125 77.9980621337890625 78.56227874755859375 79.03174591064453125 79.14286041259765625 79.34160614013671875 79.3972625732421875 79.52881622314453125 79.63671112060546875 79.930023193359375 80.1904754638671875 80.47370147705078125 80.75585174560546875 80.73899078369140625 80.52689361572265625 80.31716156005859375 80.11750030517578125 79.90467071533203125 79.76737213134765625 79.32183074951171875 78.90087127685546875 78.41178131103515625 78.04895782470703125 77.63997650146484375 77.5446929931640625 77.443389892578125 77.3433074951171875 77.25856781005859375 77.097412109375 76.9938201904296875 76.827728271484375 76.5982666015625 76.498046875 76.27777862548828125 76.1479949951171875 76.0674896240234375 75.96707916259765625 75.91605377197265625 75.81018829345703125 75.80886077880859375 75.7871856689453125 -9999
76.478363037109375 77.0464935302734375 77.67218780517578125 78.33171844482421875 78.9385223388671875 79.5 79.5476226806640625 79.5916748046875 79.615509033203125 79.64728546142578125 79.71533203125 79.9285736083984375 80.14099884033203125 80.40796661376953125 80.62657928466796875 80.73899078369140625 80.53470611572265625 80.42327880859375 80.1484222412109375 79.9815521240234375 79.8515472412109375 79.325469970703125 78.91584014892578125 78.48148345947265625 78.0343017578125 77.59645843505859375 77.51586151123046875 77.47418212890625 77.38808441162109375 77.31914520263671875 77.1926116943359375 77.002532958984375 76.836273193359375 76.6568756103515625 76.4214019775390625 76.1944427490234375 76.08575439453125 76.00634002685546875 75.9755401611328125 75.8689117431640625 75.8115081787109375 75.81018829345703125 -9999 -9999
76.5692138671875 77.25335693359375 77.88336944580078125 78.594451904296875 79.28662872314453125 79.95709991455078125 79.9444427490234375 79.84920501708984375 79.90149688720703125 79.8095245361328125 79.76190185546875 79.95880889892578125 80.15496826171875 80.35037994384765625 80.54505157470703125 80.73113250732421875 80.57903289794921875 80.415496826171875 80.26152801513671875 80.0938720703125 79.928070068359375 79.45806884765625 78.975738525390625 78.49629974365234375 78.01964569091796875 77.57469940185546875 77.43656158447265625 77.395294189453125 77.3615875244140625 77.3870391845703125 77.34661865234375 77.08333587646484375 76.83782196044921875 76.59395599365234375 76.3517303466796875 76.111114501953125 76.04512786865234375 75.986480712890625 75.92821502685546875 75.87033843994140625 75.81284332275390625 -9999 -9999 -9999
76.805145263671875 77.35524749755859375 77.823760986328125 78.35749053955078125 78.9267425537109375 79.47251129150390625 79.512237548828125 79.388885498046875 79.39307403564453125 79.4529266357421875 79.444976806640625 79.64636993408203125 79.9177703857421875 80.1876373291015625 80.48473358154296875 80.783111572265625 80.52696990966796875 80.38759613037109375 80.12938690185546875 79.8974609375 79.71080780029296875 79.264617919921875 78.86051177978515625 78.47098541259765625 78.0123138427734375 77.6445770263671875 77.5202178955078125 77.44971466064453125 77.47496795654296875 77.34641265869140625 77.36476898193359375 77.23163604736328125 76.93389892578125 76.73114776611328125 76.44472503662109375 76.2381744384765625 76.14392852783203125 76.10649871826171875 76.03391265869140625 75.87177276611328125 75.79364776611328125 75.72344970703125 -9999 -9999
77.06482696533203125 77.3832855224609375 77.78047943115234375 78.16425323486328125 78.5108795166015625 78.85713958740234375 78.865081787109375 78.975830078125 78.95992279052734375 78.97962188720703125 79.08699798583984375 79.34920501708984375 79.7483367919921875 80.12941741943359375 80.4716949462890625 80.82706451416015625 80.61002349853515625 80.35713958740234375 80.064453125 79.78366851806640625 79.53376007080078125 79.14414215087890625 78.76079559326171875 78.37618255615234375 77.990325927734375 77.6250762939453125 77.546295166015625 77.47553253173828125 77.39833831787109375 77.3433074951171875 77.28174591064453125 77.15578460693359375 77.037506103515625 76.79724884033203125 76.60929107666015625 76.36566162109375 76.29274749755859375 76.11434173583984375 76.000274658203125 75.886962890625 75.767547607421875 75.77312469482421875 -9999 -9999
77.32347869873046875 77.5766448974609375 77.74538421630859375 77.91988372802734375 78.10002899169921875 78.33650970458984375 78.344451904296875 78.43511199951171875 78.54524993896484375 78.59648895263671875 78.652313232421875 79.09510040283203125 79.56273651123046875 79.97476959228515625 80.39076995849609375 80.87636566162109375 80.571075439453125 80.28342437744140625 79.92667388916015625 79.69793701171875 79.34357452392578125 78.97608184814453125 78.66904449462890625 78.35105133056640625 78.05164337158203125 77.66608428955078125 77.5869598388671875 77.494232177734375 77.4024658203125 77.37789154052734375 77.25724029541015625 77.18068695068359375 77.01806640625 76.92145538330078125 76.7606658935546875 76.5367431640625 76.3494720458984375 76.18552398681640625 76.029571533203125 75.9022064208984375 75.7413482666015625 75.69158935546875 -9999 -9999
77.58112335205078125 77.62044525146484375 77.59456634521484375 77.67598724365234375 77.73250579833984375 77.70635223388671875 77.87850189208984375 77.92104339599609375 78.0701751708984375 78.13697052001953125 78.25982666015625 78.788604736328125 79.356781005859375 79.8880462646484375 80.41431427001953125 80.87546539306640625 80.5555572509765625 80.2102508544921875 79.9131622314453125 79.4987945556640625 79.18538665771484375 78.88739776611328125 78.56296539306640625 78.33333587646484375 78.029632568359375 77.72913360595703125 77.61324310302734375 77.5202178955078125 77.46620941162109375 77.31560516357421875 77.2326507568359375 77.10459136962890625 77.042694091796875 76.97405242919921875 76.86199951171875 76.6652679443359375 76.428375244140625 76.2569427490234375 76.0866546630859375 75.88990020751953125 75.7150726318359375 75.6652984619140625 -9999 -9999
77.77777862548828125 77.712799072265625 77.5516815185546875 77.47509002685546875 77.2828826904296875 77.14286041259765625 77.3377838134765625 77.51752471923828125 77.591705322265625 77.73250579833984375 77.88184356689453125 78.5133819580078125 79.178558349609375 79.69438934326171875 80.31798553466796875 80.9423675537109375 80.5915985107421875 80.18059539794921875 79.7846527099609375 79.39585113525390625 78.99910736083984375 78.6995849609375 78.4574432373046875 78.2243804931640625 78.00762939453125 77.79970550537109375 77.66143035888671875 77.546295166015625 77.4323577880859375 77.31958770751953125 77.207977294921875 77.11527252197265625 77.06740570068359375 76.9757232666015625 76.82686614990234375 76.7296905517578125 76.53545379638671875 76.32164764404296875 76.10926055908203125 75.898284912109375 75.69559478759765625 75.60406494140625 -9999 -9999
77.46913909912109375 77.40525054931640625 77.29328155517578125 77.1798553466796875 77.11742401123046875 77.0633392333984375 77.2072906494140625 77.5 77.60416412353515625 77.8472900390625 78.06679534912109375 78.62041473388671875 79.25785064697265625 79.788909912109375 80.36775970458984375 80.87139129638671875 80.5375823974609375 80.112945556640625 79.65819549560546875 79.31293487548828125 78.917633056640625 78.674072265625 78.50177001953125 78.24646759033203125 78.0690155029296875 77.74853515625 77.678314208984375 77.52678680419921875 77.39124298095703125 77.309234619140625 77.19748687744140625 77.1331024169921875 77.0408172607421875 76.94750213623046875 76.82686614990234375 76.81525421142578125 76.61920928955078125 76.4178466796875 76.24687957763671875 76.06324005126953125 75.8808135986328125 75.78874969482421875 -9999 -9999
77.15001678466796875 77.04296112060546875 77.08333587646484375 77.02484893798828125 77.02484893798828125 76.92431640625 77.23242950439453125 77.4718170166015625 77.745574951171875 78.0003204345703125 78.28185272216796875 78.8271026611328125 79.3371429443359375 79.89130401611328125 80.3939971923828125 80.70256805419921875 80.37139129638671875 79.9695587158203125 79.57767486572265625 79.1816253662109375 78.8661346435546875 78.67081451416015625 78.45438385009765625 78.31565093994140625 78.05432891845703125 77.71929931640625 77.6128082275390625 77.52173614501953125 77.3428497314453125 77.268157958984375 77.1869659423828125 77.12250518798828125 77.01247406005859375 76.95621490478515625 76.88466644287109375 76.8292694091796875 76.64574432373046875 76.4930572509765625 76.34967041015625 76.262420654296875 76.09920501708984375 75.98683929443359375 -9999 -9999
