DatosClimaticos/DatosMaxEnt/2023/BIO3_2023.asc
ncols        206
nrows        206
xllcorner    -76.208333333333
yllcorner    4.492353333333
cellsize     0.008330000000
NODATA_value -9999
[rows 140 to 159 of 206, columns 44 to 87 of 206]
82.2104034423828125 81.70650482177734375 81.0856170654296875 80.54424285888671875 80.8819580078125 81.14600372314453125 81.4718475341796875 81.7940521240234375 82.09949493408203125 82.212554931640625 82.4228057861328125 82.574554443359375 82.72631072998046875 82.8780670166015625 82.71213531494140625 82.5456695556640625 82.31981658935546875 82.14569854736328125 82.00424957275390625 81.7225799560546875 81.40666961669921875 81.13648223876953125 80.83868408203125 80.52652740478515625 80.4616241455078125 80.29814910888671875 80.2773284912109375 80.1712493896484375 80.06072998046875 79.5028533935546875 78.8220062255859375 78.21938323974609375 77.58216094970703125 76.9305572509765625 76.6284332275390625 76.30704498291015625 75.98082733154296875 75.63986968994140625 75.308074951171875 75.301483154296875 75.30260467529296875 75.3271026611328125 75.32833099365234375 75.36095428466796875
82.21305084228515625 81.60713958740234375 81.06789398193359375 80.530792236328125 80.86891937255859375 81.18494415283203125 81.56847381591796875 81.89609527587890625 82.21872711181640625 82.4263916015625 82.60211181640625 82.699920654296875 82.92957305908203125 83.04163360595703125 82.84899139404296875 82.70201873779296875 82.45613861083984375 82.249267578125 82.082000732421875 81.7066650390625 81.31009674072265625 80.9055633544921875 80.49973297119140625 80.09259033203125 80.0470428466796875 79.987884521484375 79.9083099365234375 79.8554840087890625 79.7715606689453125 79.20745086669921875 78.62705230712890625 78.06402587890625 77.4716949462890625 76.875 76.563385009765625 76.26984405517578125 75.9340972900390625 75.6462249755859375 75.29926300048828125 75.29267120361328125 75.324676513671875 75.3569183349609375 75.39719390869140625 75.45340728759765625
82.17084503173828125 81.63238525390625 81.07028961181640625 80.50403594970703125 80.8627166748046875 81.26326751708984375 81.65743255615234375 81.98925018310546875 82.34297943115234375 82.534698486328125 82.7155609130859375 82.89751434326171875 83.035003662109375 83.26667022705078125 83.04000091552734375 82.81333160400390625 82.60666656494140625 82.37999725341796875 82.09432220458984375 81.65064239501953125 81.146331787109375 80.64710235595703125 80.15969085693359375 79.657257080078125 79.63112640380859375 79.60491180419921875 79.585357666015625 79.50121307373046875 79.48145294189453125 78.94879913330078125 78.42090606689453125 77.887786865234375 77.36318206787109375 76.84027862548828125 76.52094268798828125 76.22548675537109375 75.91123199462890625 75.60701751708984375 75.26758575439453125 75.29158782958984375 75.354278564453125 75.41744232177734375 75.48107147216796875 75.51401519775390625
82.17084503173828125 81.69831085205078125 81.2167205810546875 80.68548583984375 81.06121063232421875 81.41434478759765625 81.76175689697265625 82.06792449951171875 82.45957183837890625 82.5078582763671875 82.556610107421875 82.56613922119140625 82.6815643310546875 82.75147247314453125 82.6377716064453125 82.47794342041015625 82.34429168701171875 82.22400665283203125 82.05230712890625 81.55573272705078125 81.091033935546875 80.59801483154296875 80.157135009765625 79.6438140869140625 79.53688812255859375 79.4296112060546875 79.34224700927734375 79.25460052490234375 79.18698883056640625 78.67266082763671875 78.15241241455078125 77.639923095703125 77.178741455078125 76.65410614013671875 76.32736968994140625 76.069671630859375 75.8024139404296875 75.4796142578125 75.20623016357421875 75.2152557373046875 75.27056121826171875 75.2795867919921875 75.296783447265625 75.37735748291015625
82.21002960205078125 81.76424407958984375 81.29659271240234375 80.8602142333984375 81.2082366943359375 81.54572296142578125 81.89267730712890625 82.21697235107421875 82.5626983642578125 82.5321807861328125 82.40300750732421875 82.3248443603515625 82.29250335693359375 82.14669036865234375 82.139984130859375 82.08065032958984375 82.06725311279296875 82.00803375244140625 81.9823455810546875 81.49263763427734375 81.05390167236328125 80.55779266357421875 80.1101226806640625 79.6371002197265625 79.4628448486328125 79.3419647216796875 79.16666412353515625 78.984039306640625 78.834686279296875 78.34151458740234375 77.9128875732421875 77.37897491455078125 76.86577606201171875 76.4239654541015625 76.1405792236328125 75.89130401611328125 75.656341552734375 75.42041778564453125 75.160400390625 75.16173553466796875 75.11627960205078125 75.1405792236328125 75.17328643798828125 75.13478851318359375
82.22309112548828125 81.86313629150390625 81.37137603759765625 81.034942626953125 81.3804168701171875 81.6839599609375 81.9785919189453125 82.28180694580078125 82.66614532470703125 82.44541168212890625 82.2552947998046875 82.08866119384765625 81.795074462890625 81.5846099853515625 81.67205047607421875 81.7338714599609375 81.78887939453125 81.7913665771484375 81.86629486083984375 81.41593170166015625 80.96004486083984375 80.56003570556640625 80.0832672119140625 79.6371002197265625 79.3247222900390625 79.20037841796875 78.95056915283203125 78.72023773193359375 78.48238372802734375 78.08060455322265625 77.58051300048828125 77.1509857177734375 76.62192535400390625 76.1914825439453125 75.952178955078125 75.73443603515625 75.51714324951171875 75.32311248779296875 75.11457061767578125 75.09259033203125 75.01556396484375 74.98429107666015625 75.01587677001953125 74.9599761962890625
82.26227569580078125 81.86429595947265625 81.576141357421875 81.20967864990234375 81.53424072265625 81.84238433837890625 82.0965576171875 82.4381256103515625 82.7699127197265625 82.4242401123046875 82.04160308837890625 81.7266693115234375 81.38755035400390625 81.01214599609375 81.16909027099609375 81.339263916015625 81.5091552734375 81.57399749755859375 81.76999664306640625 81.3591156005859375 80.902496337890625 80.49288177490234375 80.05640411376953125 79.6371002197265625 79.375335693359375 79.04531097412109375 78.754730224609375 78.4564361572265625 78.1436309814453125 77.7618255615234375 77.2608184814453125 76.822479248046875 76.3468017578125 75.93537139892578125 75.72557830810546875 75.583770751953125 75.40740966796875 75.233154296875 75.0687408447265625 74.96138763427734375 74.914093017578125 74.897216796875 74.792266845703125 74.7413482666015625
82.30799102783203125 81.97521209716796875 81.68264007568359375 81.38440704345703125 81.621185302734375 81.98773956298828125 82.2734527587890625 82.58174896240234375 82.87401580810546875 82.39566802978515625 81.91121673583984375 81.45398712158203125 80.93892669677734375 80.4359588623046875 80.6885833740234375 80.96298980712890625 81.177581787109375 81.42838287353515625 81.659942626953125 81.265106201171875 80.8938140869140625 80.4502716064453125 80.04032135009765625 79.6371002197265625 79.3214874267578125 78.90056610107421875 78.5791473388671875 78.17911529541015625 77.79132843017578125 77.385833740234375 76.96768951416015625 76.5982666015625 76.1632843017578125 75.69087982177734375 75.5411224365234375 75.41703033447265625 75.28940582275390625 75.15808868408203125 75.00763702392578125 74.93035888671875 74.7726593017578125 74.69812774658203125 74.6376800537109375 74.55109405517578125
82.19963836669921875 81.9718475341796875 81.7210693359375 81.47106170654296875 81.7387237548828125 82.010894775390625 82.28752899169921875 82.53623199462890625 82.82152557373046875 82.37433624267578125 81.814544677734375 81.28690338134765625 80.7177581787109375 80.21259307861328125 80.3469390869140625 80.53969573974609375 80.65500640869140625 80.86043548583984375 80.96782684326171875 80.6479949951171875 80.26244354248046875 79.8701324462890625 79.52207183837890625 79.14974212646484375 78.81746673583984375 78.5384368896484375 78.17687225341796875 77.86862945556640625 77.5457305908203125 77.22314453125 76.7727508544921875 76.36183929443359375 75.96401214599609375 75.56374359130859375 75.42397308349609375 75.29576873779296875 75.20215606689453125 75.03787994384765625 74.930999755859375 74.8061981201171875 74.83506011962890625 74.77756500244140625 74.678558349609375 74.658203125
82.1437835693359375 81.936798095703125 81.7580108642578125 81.557159423828125 81.80245208740234375 82.07935333251953125 82.2825775146484375 82.549407958984375 82.7690277099609375 82.25443267822265625 81.7107391357421875 81.14389801025390625 80.60544586181640625 79.9862823486328125 80.064422607421875 80.0724639892578125 80.13922882080078125 80.1921539306640625 80.25850677490234375 79.95642852783203125 79.6266021728515625 79.3166961669921875 78.94844818115234375 78.637725830078125 78.39759063720703125 78.108734130859375 77.80521392822265625 77.54190826416015625 77.29149627685546875 76.957916259765625 76.5805816650390625 76.2875518798828125 75.86956787109375 75.4552154541015625 75.34845733642578125 75.23189544677734375 75.0754852294921875 74.93900299072265625 74.838409423828125 74.82881927490234375 74.81150054931640625 74.8095245361328125 74.79146575927734375 74.805450439453125
82.101165771484375 81.95316314697265625 81.86080169677734375 81.64270782470703125 81.8725128173828125 82.06909942626953125 82.27104949951171875 82.510528564453125 82.7165374755859375 82.14759063720703125 81.56626129150390625 80.98619842529296875 80.421112060546875 79.7569732666015625 79.73923492431640625 79.65868377685546875 79.6685943603515625 79.63344573974609375 79.53984832763671875 79.30727386474609375 79.01564788818359375 78.709808349609375 78.41721343994140625 78.11725616455078125 77.8880615234375 77.65810394287109375 77.46887969970703125 77.265167236328125 77.03302764892578125 76.71733856201171875 76.36986541748046875 76.042572021484375 75.638763427734375 75.2906951904296875 75.19519805908203125 75.13623809814453125 74.9619140625 74.89257049560546875 74.75262451171875 74.78173065185546875 74.819183349609375 74.8255615234375 74.89593505859375 74.9515533447265625
82.08365631103515625 82.02063751220703125 81.7942657470703125 81.7277069091796875 81.94223785400390625 82.10414886474609375 82.28507232666015625 82.47171783447265625 82.66403961181640625 82.092620849609375 81.4613494873046875 80.84759521484375 80.19373321533203125 79.52460479736328125 79.35748291015625 79.22554779052734375 79.13205718994140625 79.02846527099609375 78.8116912841796875 78.5832672119140625 78.30983734130859375 78.10077667236328125 77.86328125 77.5881195068359375 77.43257904052734375 77.24868011474609375 77.11994171142578125 76.90695953369140625 76.7702178955078125 76.477691650390625 76.1544036865234375 75.8208770751953125 75.54412841796875 75.22727203369140625 75.12949371337890625 75 74.86162567138671875 74.791473388671875 74.6275634765625 74.711029052734375 74.8111419677734375 74.90485382080078125 74.97605133056640625 75.07239532470703125
82.04134368896484375 81.96614837646484375 81.88976287841796875 81.81217193603515625 81.94004058837890625 82.1334381103515625 82.29331207275390625 82.4526824951171875 82.61154937744140625 82.00424957275390625 81.3290252685546875 80.675933837890625 79.9917144775390625 79.296112060546875 79.0548095703125 78.824676513671875 78.55750274658203125 78.3152618408203125 78.0807647705078125 77.87044525146484375 77.66638946533203125 77.46164703369140625 77.25621795654296875 77.0500946044921875 76.94140625 76.8323516845703125 76.72292327880859375 76.613128662109375 76.502960205078125 76.2417449951171875 75.97052001953125 75.69878387451171875 75.35541534423828125 75.084716796875 74.992279052734375 74.86833953857421875 74.7751922607421875 74.65018463134765625 74.54828643798828125 74.718048095703125 74.7560577392578125 74.9524688720703125 75.08763885498046875 75.22435760498046875
82.06465911865234375 81.99196624755859375 81.918365478515625 81.836090087890625 81.95320892333984375 82.00473785400390625 82.1409759521484375 82.212554931640625 82.34284210205078125 81.72690582275390625 81.03284454345703125 80.3743438720703125 79.65522003173828125 78.92240142822265625 78.72490692138671875 78.57747650146484375 78.37837982177734375 78.197021484375 78.0277557373046875 77.74501800537109375 77.57601165771484375 77.349700927734375 77.12751007080078125 76.8620758056640625 76.77154541015625 76.70922088623046875 76.67661285400390625 76.56427764892578125 76.5086822509765625 76.27927398681640625 76.03524017333984375 75.76842498779296875 75.5616302490234375 75.24691009521484375 75.13153839111328125 75.0233001708984375 74.89875030517578125 74.6956939697265625 74.63224029541015625 74.7164459228515625 74.833648681640625 74.99202728271484375 75.05609130859375 75.24201202392578125
82.14469146728515625 81.99819183349609375 81.96604156494140625 81.88037872314453125 81.87581634521484375 81.95429229736328125 81.98839569091796875 81.93121337890625 81.97875213623046875 81.37136077880859375 80.685546875 79.97222137451171875 79.2512664794921875 78.5468597412109375 78.43347930908203125 78.2577667236328125 78.202392578125 78.0948333740234375 77.987823486328125 77.7257232666015625 77.48363494873046875 77.2260284423828125 76.9296722412109375 76.66953277587890625 76.61937713623046875 76.62076568603515625 76.614990234375 76.57192230224609375 76.5288543701171875 76.3391571044921875 76.08502960205078125 75.86852264404296875 75.61531829833984375 75.42438507080078125 75.24008941650390625 75.15561676025390625 74.9141693115234375 74.84320831298828125 74.6773681640625 74.7781982421875 74.90430450439453125 75.008026123046875 75.0888214111328125 75.23577117919921875
82.1108551025390625 82.05572509765625 81.97449493408203125 81.91750335693359375 81.863128662109375 81.78188323974609375 81.7576446533203125 81.71978759765625 81.6492919921875 81.02417755126953125 80.30490875244140625 79.62261199951171875 78.877960205078125 78.0869598388671875 78.05989837646484375 78.04473114013671875 78.0152587890625 78.0002899169921875 77.9470672607421875 77.610443115234375 77.3891754150390625 77.0995635986328125 76.779510498046875 76.47229766845703125 76.4868011474609375 76.52306365966796875 76.5072479248046875 76.565216064453125 76.520416259765625 76.385223388671875 76.172454833984375 76.03790283203125 75.8150482177734375 75.59413909912109375 75.41085052490234375 75.2572479248046875 75.0548248291015625 74.88196563720703125 74.7702789306640625 74.8087921142578125 74.95986175537109375 75.06465911865234375 75.13021087646484375 75.27886962890625
82.15288543701171875 82.0743865966796875 82.0586700439453125 81.96689605712890625 81.8829345703125 81.732025146484375 81.59804534912109375 81.46149444580078125 81.31557464599609375 80.65818023681640625 79.99164581298828125 79.22684478759765625 78.4746246337890625 77.677520751953125 77.6851043701171875 77.77291107177734375 77.831146240234375 77.86480712890625 77.90546417236328125 77.6037139892578125 77.29257965087890625 76.948333740234375 76.6476287841796875 76.2701873779296875 76.3277587890625 76.42919921875 76.4792022705078125 76.4912261962890625 76.6008758544921875 76.4098052978515625 76.25335693359375 76.12469482421875 75.89966583251953125 75.78704071044921875 75.60578155517578125 75.42214202880859375 75.220123291015625 75.05539703369140625 74.8486328125 74.911773681640625 75.01616668701171875 75.05696868896484375 75.18044281005859375 75.23125457763671875
82.23198699951171875 82.11102294921875 82.05373382568359375 81.95928955078125 81.80062103271484375 81.61324310302734375 81.3985748291015625 81.1948699951171875 80.97075653076171875 80.3074188232421875 79.57736968994140625 78.8412017822265625 78.09857177734375 77.26529693603515625 77.377777099609375 77.5022125244140625 77.62577056884765625 77.7411346435546875 77.86298370361328125 77.54547882080078125 77.1329803466796875 76.7936248779296875 76.42962646484375 76.06304168701171875 76.1501922607421875 76.28888702392578125 76.3901214599609375 76.483612060546875 76.6224212646484375 76.5016326904296875 76.29763031005859375 76.21212005615234375 76.08562469482421875 75.9096527099609375 75.73072052001953125 75.53258514404296875 75.35477447509765625 75.1351776123046875 74.88793182373046875 75.0080718994140625 75.02439117431640625 75.1229095458984375 75.2149505615234375 75.2247772216796875
82.11289215087890625 82.09287261962890625 82.06645965576171875 82.06549072265625 81.85858154296875 81.71622467041015625 81.50711822509765625 81.298370361328125 81.118316650390625 80.47540283203125 79.7010345458984375 78.9675750732421875 78.33333587646484375 77.49262237548828125 77.60094451904296875 77.66754913330078125 77.7679901123046875 77.83391571044921875 77.92397308349609375 77.6165313720703125 77.270721435546875 76.93781280517578125 76.61194610595703125 76.2900390625 76.3345184326171875 76.41607666015625 76.50504302978515625 76.51851654052734375 76.63108062744140625 76.47234344482421875 76.303497314453125 76.17092132568359375 75.93529510498046875 75.83565521240234375 75.6866455078125 75.48741912841796875 75.35680389404296875 75.17577362060546875 74.96779632568359375 75.01621246337890625 75.12255096435546875 75.1232757568359375 75.16550445556640625 75.21666717529296875
81.98146820068359375 82.07379150390625 82.09098052978515625 82.12735748291015625 81.9723968505859375 81.78916168212890625 81.64690399169921875 81.44968414306640625 81.2735595703125 80.61029052734375 79.97356414794921875 79.2338104248046875 78.50157928466796875 77.74853515625 77.78508758544921875 77.8143310546875 77.87281036376953125 77.9385986328125 77.99707794189453125 77.69478607177734375 77.41556549072265625 77.1182708740234375 76.83466339111328125 76.59716033935546875 76.54677581787109375 76.5865936279296875 76.604278564453125 76.6592254638671875 76.63836669921875 76.44895172119140625 76.22615814208984375 76.0922698974609375 75.92421722412109375 75.73004150390625 75.58740234375 75.47393035888671875 75.36647796630859375 75.20070648193359375 75.10538482666015625 75.08145904541015625 75.1229095458984375 75.16485595703125 75.14910888671875 75.1916656494140625
