DatosClimaticos/DatosMaxEnt/2023/BIO3_2023.asc
ncols        206
nrows        206
xllcorner    -76.208333333333
yllcorner    4.492353333333
cellsize     0.008330000000
NODATA_value -9999
[rows 60 to 79 of 206, columns 132 to 175 of 206]
-9999 -9999 -9999 -9999 -9999 -9999 -9999 -9999 -9999 -9999 -9999 75.09937286376953125 75.219482421875 75.21855926513671875 75.2740325927734375 75.33641815185546875 75.22371673583984375 75.1885986328125 75.13958740234375 75.0348358154296875 74.91652679443359375 75.00695037841796875 75.13205718994140625 75.2849578857421875 75.388885498046875 75.54166412353515625 75.3599090576171875 75.15853118896484375 74.8765411376953125 74.71288299560546875 -9999 -9999 -9999 -9999 -9999 -9999 -9999 -9999 -9999 -9999 -9999 -9999 74.592681884765625 74.54000091552734375
-9999 -9999 -9999 -9999 -9999 -9999 -9999 -9999 -9999 -9999 -9999 75.43711090087890625 75.40118408203125 75.42194366455078125 75.32968902587890625 75.3081207275390625 75.31539154052734375 75.3156585693359375 75.32996368408203125 75.372711181640625 75.35161590576171875 75.4852294921875 75.59674072265625 75.6944427490234375 75.81301116943359375 75.93837738037109375 75.68979644775390625 75.39484405517578125 75.2138519287109375 74.89711761474609375 74.67240142822265625 -9999 -9999 -9999 -9999 -9999 -9999 -9999 -9999 -9999 -9999 -9999 74.7191009521484375 74.6461029052734375
-9999 -9999 -9999 -9999 -9999 -9999 -9999 -9999 -9999 -9999 75.9391632080078125 75.777313232421875 75.65826416015625 75.5322113037109375 75.420166015625 75.28011322021484375 75.3934783935546875 75.486053466796875 75.60079193115234375 75.71630859375 75.86182403564453125 75.952789306640625 76.050537109375 76.14795684814453125 76.23797607421875 76.3276824951171875 76.010101318359375 75.682830810546875 75.41562652587890625 75.0481719970703125 74.76073455810546875 74.5915069580078125 74.45711517333984375 74.3235931396484375 -9999 -9999 -9999 -9999 -9999 -9999 -9999 -9999 74.82582855224609375 74.77260589599609375
-9999 -9999 -9999 -9999 -9999 -9999 -9999 -9999 -9999 -9999 76.1723175048828125 76.0875701904296875 76.0390167236328125 75.9117889404296875 75.79869842529296875 75.7852325439453125 75.78656768798828125 75.952789306640625 76.01226043701171875 76.1006317138671875 76.2478485107421875 76.30185699462890625 76.304534912109375 76.2929840087890625 76.3676300048828125 76.38417816162109375 76.15233612060546875 75.8591766357421875 75.59722137451171875 75.3662261962890625 75.0411834716796875 74.88378143310546875 74.7480926513671875 74.5660400390625 74.46607208251953125 74.380218505859375 -9999 -9999 -9999 74.97980499267578125 75.1480865478515625 75.1277923583984375 75.0671539306640625 75.00670623779296875
-9999 -9999 -9999 -9999 -9999 -9999 -9999 -9999 76.31992340087890625 76.39007568359375 76.380584716796875 76.4328460693359375 76.304534912109375 76.29851531982421875 76.24964141845703125 76.236419677734375 76.302978515625 76.3482513427734375 76.4595947265625 76.52693939208984375 76.64644622802734375 76.6033935546875 76.56787109375 76.4672393798828125 76.50482940673828125 76.42655181884765625 76.23065948486328125 76.00055694580078125 75.76580047607421875 75.540313720703125 75.3587188720703125 75.19219970703125 75.0478515625 74.9591522216796875 74.77642059326171875 74.6491241455078125 74.69684600830078125 74.912353515625 75.0539398193359375 75.17529296875 75.36407470703125 75.3368377685546875 75.30963897705078125 75.26903533935546875
-9999 -9999 -9999 -9999 -9999 76.43776702880859375 76.52622222900390625 76.58490753173828125 76.59207916259765625 76.6365203857421875 76.70977020263671875 76.68967437744140625 76.70552825927734375 76.707000732421875 76.6796417236328125 76.72588348388671875 76.75628662109375 76.85346221923828125 76.93647003173828125 76.95267486572265625 76.99069976806640625 76.953125 76.7600555419921875 76.686676025390625 76.64249420166015625 76.46892547607421875 76.27988433837890625 76.1284027099609375 75.9849090576171875 75.8138580322265625 75.67942047119140625 75.54497528076171875 75.404998779296875 75.19110107421875 75.061126708984375 74.9053802490234375 75 75.16883087158203125 75.2971343994140625 75.43219757080078125 75.5807647705078125 75.54656219482421875 75.54656219482421875 75.5124053955078125
-9999 -9999 77.47283935546875 77.23891448974609375 77.05646514892578125 76.7698516845703125 76.82471466064453125 76.8278656005859375 76.90476226806640625 76.99652862548828125 76.92586517333984375 77.02349853515625 77.05609130859375 77.08696746826171875 77.1561737060546875 77.21833038330078125 77.28600311279296875 77.28600311279296875 77.34648895263671875 77.3997650146484375 77.46778106689453125 77.25421905517578125 77.10860443115234375 76.87732696533203125 76.70793914794921875 76.54792022705078125 76.40180206298828125 76.33502197265625 76.1764678955078125 76.06873321533203125 76.0033416748046875 75.8173980712890625 75.6887054443359375 75.51355743408203125 75.367645263671875 75.196319580078125 75.2976226806640625 75.34468841552734375 75.5411224365234375 75.66963958740234375 75.79815673828125 75.79815673828125 75.75020599365234375 75.6955718994140625
77.87036895751953125 77.818206787109375 77.64437103271484375 77.4914093017578125 77.323577880859375 77.176727294921875 77.1770477294921875 77.19907379150390625 77.1613006591796875 77.24890899658203125 77.30263519287109375 77.357940673828125 77.4501190185546875 77.54262542724609375 77.6354522705078125 77.72861480712890625 77.70409393310546875 77.72620391845703125 77.82448577880859375 77.84661102294921875 77.87610626220703125 77.6023406982421875 77.32608795166015625 77.1067047119140625 76.8320465087890625 76.56912994384765625 76.5087432861328125 76.46396636962890625 76.41933441162109375 76.3748626708984375 76.330535888671875 76.14870452880859375 75.9889373779296875 75.817535400390625 75.6001129150390625 75.44715118408203125 75.5826568603515625 75.6910552978515625 75.79946136474609375 75.90785980224609375 76.01625823974609375 76.00270843505859375 75.98915863037109375 75.97560882568359375
78.00628662109375 77.8755340576171875 77.806488037109375 77.68422698974609375 77.64298248291015625 77.534027099609375 77.51599884033203125 77.459136962890625 77.46994781494140625 77.419830322265625 77.369354248046875 77.5192108154296875 77.63741302490234375 77.72606658935546875 77.851654052734375 77.96985626220703125 77.922943115234375 77.922943115234375 77.9524688720703125 77.96722412109375 77.92035675048828125 77.69242095947265625 77.4847412109375 77.27075958251953125 77.024322509765625 76.81714630126953125 76.7346343994140625 76.7246246337890625 76.63564300537109375 76.56118011474609375 76.50112152099609375 76.28205108642578125 76.0866546630859375 75.9075927734375 75.73087310791015625 75.536102294921875 75.6378936767578125 75.73290252685546875 75.8211212158203125 75.87469482421875 76.017913818359375 76.03827667236328125 75.98996734619140625 75.98996734619140625
77.96598052978515625 78.0074615478515625 77.99884796142578125 77.97566986083984375 77.97411346435546875 77.98714447021484375 77.87558746337890625 77.7998809814453125 77.70870208740234375 77.56238555908203125 77.5067138671875 77.63118743896484375 77.78273773193359375 77.92632293701171875 78.03232574462890625 78.174957275390625 78.13516998291015625 78.14995574951171875 78.026275634765625 78.04103851318359375 77.964599609375 77.79976654052734375 77.60552978515625 77.4450225830078125 77.25574493408203125 77.06192779541015625 77.03530120849609375 76.91489410400390625 76.8746490478515625 76.76959991455078125 76.7158966064453125 76.41680908203125 76.24098968505859375 76.019287109375 75.80733489990234375 75.61174774169921875 75.6933135986328125 75.77487945556640625 75.86324310302734375 75.958404541015625 76.02637481689453125 76.00516510009765625 76.03232574462890625 76.01113128662109375
78.073944091796875 78.1016082763671875 78.17839813232421875 78.27069091796875 78.30989837646484375 78.4040679931640625 78.2814788818359375 78.11756134033203125 77.9521636962890625 77.74774932861328125 77.62680816650390625 77.7752685546875 77.9451446533203125 78.10633087158203125 78.32141876220703125 78.454925537109375 78.3925933837890625 78.231292724609375 78.2091064453125 78.10009002685546875 78.00885009765625 77.87558746337890625 77.7583160400390625 77.59645843505859375 77.48917388916015625 77.3542938232421875 77.2655792236328125 77.18660736083984375 77.0638275146484375 76.96494293212890625 76.808837890625 76.57997894287109375 76.361114501953125 76.13824462890625 75.8840484619140625 75.68082427978515625 75.7557220458984375 75.82379913330078125 75.91912078857421875 75.9803924560546875 76 76.0408172607421875 76.03997039794921875 76.01874542236328125
78.11244964599609375 78.2567901611328125 78.3885955810546875 78.5076141357421875 78.67581939697265625 78.806121826171875 78.63976287841796875 78.37087249755859375 78.1702880859375 77.91931915283203125 77.7066192626953125 77.9219818115234375 78.10990142822265625 78.2807769775390625 78.4796905517578125 78.6170501708984375 78.5915679931640625 78.46666717529296875 78.31262969970703125 78.19149017333984375 78.0531005859375 77.96622467041015625 77.88742828369140625 77.80931854248046875 77.6933135986328125 77.623992919921875 77.519378662109375 77.39422607421875 77.2255401611328125 77.11696624755859375 76.9881591796875 76.7436981201171875 76.48163604736328125 76.23686981201171875 75.98160552978515625 75.7501373291015625 75.8251495361328125 75.87970733642578125 75.94789886474609375 76.0024566650390625 76.08428955078125 76.0765838623046875 76.02721405029296875 76.02637481689453125
78.11063385009765625 78.37387847900390625 78.58603668212890625 78.78720855712890625 78.9994049072265625 79.2867889404296875 79.0157012939453125 78.726470947265625 78.408050537109375 78.14321136474609375 77.87542724609375 78.07904052734375 78.29227447509765625 78.4420318603515625 78.70953369140625 78.97676849365234375 78.7730255126953125 78.60320281982421875 78.43398284912109375 78.2653656005859375 78.09734344482421875 78.0570220947265625 78.01699066162109375 77.97723388671875 77.93775177001953125 77.89855194091796875 77.72491455078125 77.58892822265625 77.44007110595703125 77.31402587890625 77.175140380859375 76.879913330078125 76.6165008544921875 76.342742919921875 76.07260894775390625 75.80600738525390625 75.8743133544921875 75.935791015625 75.99044036865234375 76.051910400390625 76.08606719970703125 76.0638275146484375 76.03485870361328125 76.0059814453125
78.342010498046875 78.477691650390625 78.6808013916015625 78.89533233642578125 79.02790069580078125 79.2310028076171875 78.9993896484375 78.76220703125 78.5418548583984375 78.27793121337890625 78.053497314453125 78.25653076171875 78.4766693115234375 78.71212005615234375 78.9184722900390625 79.08452606201171875 79.12563323974609375 78.99166107177734375 78.81015777587890625 78.6592559814453125 78.4426727294921875 78.448272705078125 78.3083953857421875 78.26023101806640625 78.17598724365234375 77.98810577392578125 77.85713958740234375 77.67498779296875 77.5849761962890625 77.36371612548828125 77.24576568603515625 76.9938201904296875 76.79369354248046875 76.5820159912109375 76.37279510498046875 76.110198974609375 76.12297821044921875 76.1220550537109375 76.1211395263671875 76.1133880615234375 76.1475372314453125 76.11838531494140625 76.1242828369140625 76.081634521484375
78.554779052734375 78.666961669921875 78.7770843505859375 78.93434906005859375 79.00030517578125 79.1475677490234375 79.01717376708984375 78.77880096435546875 78.66944122314453125 78.42910003662109375 78.23429107666015625 78.43952178955078125 78.6773681640625 78.85549163818359375 79.16666412353515625 79.3165435791015625 79.3800506591796875 79.36472320556640625 79.14804840087890625 78.97002410888671875 78.8484344482421875 78.72418975830078125 78.630218505859375 78.5149383544921875 78.29982757568359375 78.0678863525390625 77.890716552734375 77.718017578125 77.6278228759765625 77.50070953369140625 77.3022613525390625 77.14305877685546875 76.9784698486328125 76.772308349609375 76.618255615234375 76.45196533203125 76.37287139892578125 76.30893707275390625 76.307861328125 76.2441864013671875 76.209014892578125 76.2216796875 76.2274932861328125 76.1710205078125
78.7305755615234375 78.78182220458984375 78.91233062744140625 78.97400665283203125 79.0140380859375 78.97412109375 78.81591033935546875 78.73802947998046875 78.66759490966796875 78.51610565185546875 78.4295501708984375 78.6728363037109375 78.83731842041015625 79.12857818603515625 79.33696746826171875 79.61457061767578125 79.560455322265625 79.5522613525390625 79.53662109375 79.42359161376953125 79.22597503662109375 79.1001739501953125 78.93109893798828125 78.7232513427734375 78.3726654052734375 78.16217041015625 78.01587677001953125 77.842376708984375 77.6327056884765625 77.4985809326171875 77.35875701904296875 77.25738525390625 77.10607147216796875 77.02062225341796875 76.8857421875 76.74675750732421875 76.62400054931640625 76.5594940185546875 76.43228912353515625 76.3683624267578125 76.27732086181640625 76.276275634765625 76.28205108642578125 76.3161468505859375
78.959808349609375 78.9913482666015625 78.978302001953125 78.96862030029296875 78.8095245361328125 78.6013031005859375 78.59690093994140625 78.63128662109375 78.62689971923828125 78.61136627197265625 78.6225128173828125 78.86518096923828125 79.13591766357421875 79.31561279296875 79.546142578125 79.87306976318359375 79.81029510498046875 79.81230926513671875 79.79933929443359375 79.8013763427734375 79.6387176513671875 79.41829681396484375 79.12249755859375 78.78588104248046875 78.46736907958984375 78.24195098876953125 78.0060577392578125 77.86861419677734375 77.71832275390625 77.6143798828125 77.415252685546875 77.37894439697265625 77.29885101318359375 77.2124481201171875 77.10591888427734375 76.99335479736328125 76.86948394775390625 76.74786376953125 76.61998748779296875 76.4995880126953125 76.35929107666015625 76.33769989013671875 76.42076873779296875 76.38547515869140625
79.1629486083984375 79.11782073974609375 79.1210479736328125 78.93646240234375 78.5946197509765625 78.23987579345703125 78.31775665283203125 78.4423675537109375 78.56697845458984375 78.61811065673828125 78.81620025634765625 79.08527374267578125 79.35553741455078125 79.61515045166015625 79.864288330078125 80.1182861328125 80.05736541748046875 80.0391082763671875 80.0630035400390625 80.01494598388671875 79.94791412353515625 79.68148040771484375 79.33982086181640625 78.9944305419921875 78.6599578857421875 78.3217315673828125 78.09976959228515625 77.94033050537109375 77.78253173828125 77.62635040283203125 77.47174835205078125 77.45844268798828125 77.4290924072265625 77.36297607421875 77.34810638427734375 77.34027862548828125 77.15254974365234375 76.96605682373046875 76.80142974853515625 76.6173248291015625 76.441253662109375 76.448089599609375 76.4617462158203125 76.47541046142578125
78.8147125244140625 78.7733001708984375 78.7156982421875 78.445068359375 78.22857666015625 77.96663665771484375 78.12598419189453125 78.41336822509765625 78.66541290283203125 78.8852386474609375 79.1120452880859375 79.2480621337890625 79.47116851806640625 79.6994781494140625 79.82175445556640625 80.0151519775390625 80.114837646484375 80.00902557373046875 80.01348876953125 80.01792144775390625 80 79.72592926025390625 79.33982086181640625 79.12628173828125 78.8377227783203125 78.4904022216796875 78.259613037109375 78.0603485107421875 77.77539825439453125 77.56737518310546875 77.382965087890625 77.41912841796875 77.31092071533203125 77.317138671875 77.3233184814453125 77.34526824951171875 77.1784210205078125 77.02814483642578125 76.81517791748046875 76.6598052978515625 76.56806182861328125 76.49713134765625 76.48223876953125 76.48223876953125
78.4304656982421875 78.37061309814453125 78.22857666015625 78.09253692626953125 77.896484375 77.69022369384765625 78.0476226806640625 78.39183807373046875 78.74921417236328125 79.07250213623046875 79.38555145263671875 79.5355682373046875 79.6450653076171875 79.81890869140625 79.94052886962890625 80.0151519775390625 80.0997314453125 80.0541534423828125 80.02848052978515625 79.99552154541015625 80.0148773193359375 79.703704833984375 79.5434417724609375 79.265960693359375 78.95430755615234375 78.7215423583984375 78.44927215576171875 78.09893798828125 77.84204864501953125 77.5815582275390625 77.2944793701171875 77.27272796630859375 77.279083251953125 77.33612060546875 77.263885498046875 77.306732177734375 77.18352508544921875 76.99889373779296875 76.89925384521484375 76.71608734130859375 76.6598052978515625 76.55309295654296875 76.52447509765625 76.467376708984375
