DatosClimaticos/DatosMaxEnt/2023/BIO4_2023.asc
ncols        206
nrows        206
xllcorner    -76.208333333333
yllcorner    4.492353333333
cellsize     0.008330000000
NODATA_value -9999
[rows 95 to 113 of 206, columns 0 to 42 of 206]
-9999 -9999 -9999 -9999 -9999 -9999 -9999 -9999 46.633022308349609375 47.06998443603515625 47.4686126708984375 48.00991058349609375 48.49404144287109375 48.517108917236328125 48.692111968994140625 48.818309783935546875 48.954254150390625 49.112895965576171875 49.57421112060546875 50.131839752197265625 50.426288604736328125 50.99964141845703125 51.509639739990234375 52.245548248291015625 53.12949371337890625 53.9057159423828125 54.655487060546875 55.66022491455078125 56.030914306640625 56.4263763427734375 56.751697540283203125 57.3118133544921875 57.675037384033203125 57.974613189697265625 58.20168304443359375 58.483734130859375 58.572010040283203125 58.788936614990234375 58.897319793701171875 59.0933074951171875 59.2861480712890625 59.500118255615234375 59.765514373779296875
-9999 -9999 -9999 -9999 -9999 -9999 -9999 45.78414154052734375 46.251781463623046875 46.758392333984375 47.2208709716796875 47.708953857421875 48.393138885498046875 48.347034454345703125 48.511737823486328125 48.613056182861328125 48.6849822998046875 48.933254241943359375 49.43154144287109375 49.792835235595703125 50.236576080322265625 50.72698974609375 51.20682525634765625 51.86298370361328125 52.396923065185546875 53.065799713134765625 53.598949432373046875 54.2470550537109375 54.77547454833984375 55.26784515380859375 55.88411712646484375 56.44876861572265625 57.03720855712890625 57.27872467041015625 57.55883026123046875 57.96135711669921875 58.2519073486328125 58.52753448486328125 58.660556793212890625 58.7499847412109375 58.984813690185546875 59.209888458251953125 59.50046539306640625
-9999 -9999 -9999 -9999 -9999 46.59481048583984375 46.040439605712890625 45.5273895263671875 46.016529083251953125 46.473033905029296875 47.08937835693359375 47.670963287353515625 48.22867584228515625 48.2875518798828125 48.268489837646484375 48.407054901123046875 48.519969940185546875 48.73801422119140625 49.092529296875 49.5296630859375 49.979091644287109375 50.44049072265625 50.9135284423828125 51.280818939208984375 51.666332244873046875 52.094799041748046875 52.590579986572265625 52.853900909423828125 53.585536956787109375 54.266063690185546875 55.15200042724609375 55.728679656982421875 56.437957763671875 56.8141937255859375 57.13063812255859375 57.581645965576171875 57.8555450439453125 58.35170745849609375 58.3478546142578125 58.4983367919921875 58.700984954833984375 58.955257415771484375 59.26049041748046875
-9999 -9999 49.121166229248046875 48.423839569091796875 47.8352203369140625 47.2102813720703125 46.564472198486328125 46.001811981201171875 46.347625732421875 46.845546722412109375 47.266147613525390625 47.88390350341796875 48.337554931640625 48.297454833984375 48.370243072509765625 48.39629364013671875 48.373905181884765625 48.5240478515625 48.957942962646484375 49.4989471435546875 49.981594085693359375 50.461345672607421875 50.920688629150390625 51.343952178955078125 51.654232025146484375 52.160060882568359375 52.48113250732421875 53.006290435791015625 53.56790924072265625 54.190425872802734375 54.794628143310546875 55.42304229736328125 55.99553680419921875 56.3853759765625 56.757938385009765625 57.139251708984375 57.491424560546875 57.8942413330078125 58.087024688720703125 58.026378631591796875 58.298023223876953125 58.52059173583984375 58.785274505615234375
49.76947021484375 49.76947021484375 49.76947021484375 48.940227508544921875 48.22320556640625 47.646030426025390625 46.969608306884765625 46.47333526611328125 46.84124755859375 47.279750823974609375 47.66118621826171875 48.142780303955078125 48.49477386474609375 48.43932342529296875 48.305019378662109375 48.2862396240234375 48.372829437255859375 48.384670257568359375 48.8817138671875 49.402873992919921875 49.867046356201171875 50.398189544677734375 50.938076019287109375 51.28589630126953125 51.698577880859375 52.273769378662109375 52.67607879638671875 53.10419464111328125 53.396755218505859375 54.1115570068359375 54.603496551513671875 55.088878631591796875 55.649322509765625 56.1239166259765625 56.339679718017578125 56.851093292236328125 57.2596893310546875 57.72089385986328125 57.71457672119140625 57.642215728759765625 57.89470672607421875 57.871429443359375 58.145412445068359375
50.44689178466796875 50.44689178466796875 50.44689178466796875 49.727642059326171875 49.022724151611328125 48.2129974365234375 47.57355499267578125 46.993499755859375 47.236919403076171875 47.54871368408203125 47.921955108642578125 48.183460235595703125 48.613842010498046875 48.4820098876953125 48.331089019775390625 48.253452301025390625 48.34746551513671875 48.249927520751953125 48.70696258544921875 49.298603057861328125 49.863910675048828125 50.4087982177734375 50.96567535400390625 51.417999267578125 51.90113067626953125 52.243206024169921875 52.75274658203125 53.221759796142578125 53.676677703857421875 53.928577423095703125 54.4003143310546875 54.78954315185546875 55.225860595703125 55.547698974609375 55.90151214599609375 56.557308197021484375 56.897979736328125 57.55255889892578125 57.4525604248046875 57.313995361328125 57.460659027099609375 57.431056976318359375 57.47674560546875
51.152278900146484375 51.152278900146484375 51.152278900146484375 50.458919525146484375 49.565753936767578125 48.939640045166015625 48.203922271728515625 47.535877227783203125 47.65375518798828125 47.86475372314453125 48.128662109375 48.459228515625 48.741024017333984375 48.50615692138671875 48.437389373779296875 48.3685760498046875 48.135425567626953125 48.1198577880859375 48.698673248291015625 49.284603118896484375 49.695949554443359375 50.320568084716796875 51.00347137451171875 51.44095611572265625 51.92266845703125 52.37529754638671875 52.93621826171875 53.35884857177734375 53.66529083251953125 53.913059234619140625 54.1991424560546875 54.502086639404296875 54.778896331787109375 55.157917022705078125 55.68019866943359375 56.074153900146484375 56.6681976318359375 57.351665496826171875 57.14107513427734375 56.974712371826171875 56.874664306640625 56.979572296142578125 56.839687347412109375
51.884487152099609375 51.884487152099609375 51.884487152099609375 50.915966033935546875 50.3261566162109375 49.562808990478515625 48.7657928466796875 48.11069488525390625 48.16167449951171875 48.354305267333984375 48.513458251953125 48.71237945556640625 48.876262664794921875 48.647541046142578125 48.444698333740234375 48.26805877685546875 48.11791229248046875 47.994503021240234375 48.5709686279296875 49.16553497314453125 49.777561187744140625 50.406402587890625 51.05144500732421875 51.496494293212890625 51.966068267822265625 52.459506988525390625 52.976146697998046875 53.515316009521484375 53.647510528564453125 53.7948760986328125 53.957286834716796875 54.21977996826171875 54.34125518798828125 54.7922210693359375 55.303455352783203125 55.859134674072265625 56.526958465576171875 57.00450897216796875 56.85428619384765625 56.657047271728515625 56.507312774658203125 56.446308135986328125 56.3517608642578125
51.1212310791015625 51.1212310791015625 51.1212310791015625 50.376293182373046875 49.677082061767578125 48.995677947998046875 48.359958648681640625 47.596099853515625 47.883304595947265625 48.092990875244140625 48.4172210693359375 48.641742706298828125 48.9627838134765625 48.705944061279296875 48.5894775390625 48.364070892333984375 48.216670989990234375 48.09972381591796875 48.639404296875 49.234752655029296875 49.847320556640625 50.435791015625 51.029605865478515625 51.635524749755859375 51.98856353759765625 52.521076202392578125 53.0082550048828125 53.43766021728515625 53.51499176025390625 53.6514434814453125 53.94536590576171875 54.1369781494140625 54.18711090087890625 54.64633941650390625 55.144443511962890625 55.640026092529296875 56.022502899169921875 56.67794036865234375 56.416049957275390625 56.1754913330078125 56.057804107666015625 56.006122589111328125 55.7895355224609375
50.41115570068359375 50.41115570068359375 50.41115570068359375 49.6157989501953125 49.090106964111328125 48.34085845947265625 47.73210906982421875 47.181976318359375 47.661495208740234375 48.055576324462890625 48.270557403564453125 48.6396026611328125 49.125408172607421875 48.9057159423828125 48.7026824951171875 48.548282623291015625 48.379772186279296875 48.212779998779296875 48.75710296630859375 49.338329315185546875 49.895099639892578125 50.497161865234375 51.049541473388671875 51.57860565185546875 52.0304412841796875 52.494228363037109375 52.91205596923828125 53.462345123291015625 53.535472869873046875 53.649890899658203125 53.8554534912109375 53.89334869384765625 54.090717315673828125 54.43744659423828125 54.935314178466796875 55.39604949951171875 55.76731109619140625 56.217708587646484375 55.982883453369140625 55.792194366455078125 55.695537567138671875 55.44040679931640625 55.238056182861328125
49.642192840576171875 49.642192840576171875 49.642192840576171875 48.983768463134765625 48.3500518798828125 47.94678497314453125 47.438777923583984375 46.840747833251953125 47.372837066650390625 47.91065216064453125 48.254245758056640625 48.75640869140625 49.363376617431640625 49.10363006591796875 48.92035675048828125 48.72119903564453125 48.568878173828125 48.333621978759765625 48.900177001953125 49.4298553466796875 49.97101593017578125 50.519317626953125 51.087276458740234375 51.574832916259765625 52.014606475830078125 52.581485748291015625 53.0225982666015625 53.501102447509765625 53.7096099853515625 53.76897430419921875 53.95098114013671875 53.875949859619140625 54.037731170654296875 54.359272003173828125 54.8754119873046875 55.049015045166015625 55.5489501953125 55.948062896728515625 55.7613983154296875 55.483154296875 55.276248931884765625 54.92626190185546875 54.69765472412109375
48.902469635009765625 48.902469635009765625 48.902469635009765625 48.3802032470703125 47.85764312744140625 47.502834320068359375 46.975170135498046875 46.574016571044921875 47.216846466064453125 47.809009552001953125 48.23961639404296875 48.937511444091796875 49.6756134033203125 49.410045623779296875 49.158542633056640625 48.89479827880859375 48.612178802490234375 48.462184906005859375 48.993408203125 49.545223236083984375 50.036167144775390625 50.60625457763671875 51.142772674560546875 51.660938262939453125 52.15819549560546875 52.581089019775390625 53.160182952880859375 53.62697601318359375 53.650669097900390625 53.856723785400390625 53.8626556396484375 53.978179931640625 54.028285980224609375 54.22823333740234375 54.65667724609375 55.033496856689453125 55.3392791748046875 55.711246490478515625 55.3917236328125 55.062511444091796875 54.847564697265625 54.46092987060546875 54.1686553955078125
48.193332672119140625 48.193332672119140625 48.193332672119140625 47.749835968017578125 47.294788360595703125 46.951808929443359375 46.649623870849609375 46.383068084716796875 47.046298980712890625 47.69890594482421875 48.406032562255859375 49.256134033203125 50.060726165771484375 49.7217254638671875 49.35140228271484375 49.112682342529296875 48.787860870361328125 48.59841156005859375 49.10384368896484375 49.622463226318359375 50.1752471923828125 50.584690093994140625 51.215976715087890625 51.70401763916015625 52.184169769287109375 52.69303131103515625 53.140472412109375 53.78795623779296875 53.83223724365234375 53.919872283935546875 53.976253509521484375 53.99356842041015625 54.019847869873046875 54.327117919921875 54.4793548583984375 54.810024261474609375 55.03975677490234375 55.5354461669921875 55.09814453125 54.754932403564453125 54.349945068359375 53.994342803955078125 53.76291656494140625
48.125759124755859375 48.125759124755859375 48.125759124755859375 47.827579498291015625 47.6587066650390625 47.4364166259765625 47.2054290771484375 46.9247894287109375 47.62111663818359375 48.361484527587890625 49.1168365478515625 49.893566131591796875 50.491130828857421875 50.131130218505859375 49.933757781982421875 49.40352630615234375 49.02734375 48.6338348388671875 49.078647613525390625 49.569957733154296875 50.270709991455078125 50.68194580078125 51.27397918701171875 51.735889434814453125 52.3938751220703125 52.76419830322265625 53.305267333984375 53.954071044921875 53.918323516845703125 54.02249908447265625 54.019077301025390625 54.11887359619140625 54.149677276611328125 54.37758636474609375 54.466144561767578125 54.649959564208984375 54.96114349365234375 55.144680023193359375 54.930576324462890625 54.728687286376953125 54.527835845947265625 54.27994537353515625 54.1985015869140625
48.23097991943359375 48.23097991943359375 48.23097991943359375 48.1394805908203125 47.9528656005859375 47.99428558349609375 47.869106292724609375 47.814510345458984375 48.444698333740234375 49.21062469482421875 49.937252044677734375 50.4550628662109375 51.145420074462890625 50.71954345703125 50.205341339111328125 49.701381683349609375 49.3767242431640625 48.694339752197265625 49.128429412841796875 49.734905242919921875 50.2065887451171875 50.825000762939453125 51.29752349853515625 51.92641448974609375 52.38762664794921875 52.91620635986328125 53.447841644287109375 54.158267974853515625 54.105541229248046875 54.00765228271484375 54.181583404541015625 54.257808685302734375 54.27777099609375 54.3611907958984375 54.31177520751953125 54.64752960205078125 54.78916168212890625 54.87612152099609375 54.808933258056640625 54.867198944091796875 54.682987213134765625 54.879840850830078125 54.7666778564453125
48.38881683349609375 48.38881683349609375 48.38881683349609375 48.3279266357421875 48.449932098388671875 48.52410125732421875 48.691631317138671875 48.682861328125 49.362377166748046875 49.86307525634765625 50.6513824462890625 51.435016632080078125 51.836483001708984375 51.33563232421875 50.669460296630859375 49.967681884765625 49.478672027587890625 48.779834747314453125 49.334529876708984375 49.817356109619140625 50.34235382080078125 50.82233428955078125 51.3931427001953125 51.924808502197265625 52.453948974609375 53.0404052734375 53.756961822509765625 54.37824249267578125 54.282375335693359375 54.291057586669921875 54.382183074951171875 54.3526763916015625 54.435535430908203125 54.44256591796875 54.527645111083984375 54.543304443359375 54.544261932373046875 54.616085052490234375 54.77001953125 54.83377838134765625 55.015323638916015625 55.259990692138671875 55.352596282958984375
48.598751068115234375 48.598751068115234375 48.598751068115234375 48.643402099609375 48.9889984130859375 49.2296905517578125 49.488689422607421875 49.654834747314453125 50.35683441162109375 50.83565521240234375 51.391521453857421875 52.134639739990234375 52.63468170166015625 51.946468353271484375 51.068767547607421875 50.374568939208984375 49.594799041748046875 48.8901824951171875 49.44207763671875 49.99810791015625 50.391521453857421875 50.905548095703125 51.4682159423828125 52.114505767822265625 52.638095855712890625 53.35565948486328125 53.873870849609375 54.616085052490234375 54.454044342041015625 54.537384033203125 54.529170989990234375 54.609775543212890625 54.62078857421875 54.68487548828125 54.418834686279296875 54.419712066650390625 54.313568115234375 54.38800811767578125 54.72481536865234375 54.879222869873046875 55.21566009521484375 55.6669769287109375 56.0399169921875
48.86737823486328125 48.86737823486328125 48.86737823486328125 49.194271087646484375 49.50440216064453125 49.713954925537109375 50.0926055908203125 50.7222137451171875 51.1128082275390625 51.837535858154296875 52.311614990234375 52.806972503662109375 53.39469146728515625 52.508514404296875 51.672901153564453125 50.73186492919921875 49.862239837646484375 49.025218963623046875 49.5229339599609375 50.0438690185546875 50.587314605712890625 51.15254974365234375 51.637004852294921875 52.20410919189453125 52.865329742431640625 53.507396697998046875 54.202487945556640625 54.887699127197265625 54.766216278076171875 54.660442352294921875 54.78664398193359375 54.830738067626953125 55.01822662353515625 54.706539154052734375 54.53662109375 54.43988800048828125 54.27930450439453125 54.266109466552734375 54.698589324951171875 55.1548309326171875 55.507694244384765625 56.19847869873046875 56.7324981689453125
48.332813262939453125 48.332813262939453125 48.332813262939453125 48.647899627685546875 49.087276458740234375 49.651058197021484375 50.076381683349609375 50.59534454345703125 51.077350616455078125 51.61933135986328125 52.179309844970703125 52.759479522705078125 53.296863555908203125 52.450969696044921875 51.571956634521484375 50.77927398681640625 50.162998199462890625 49.309326171875 49.7945098876953125 50.123943328857421875 50.761287689208984375 51.177982330322265625 51.74072265625 52.2781524658203125 52.87621307373046875 53.408931732177734375 54.109584808349609375 54.650150299072265625 54.680446624755859375 54.725116729736328125 54.93645477294921875 55.01494598388671875 55.207309722900390625 55.023906707763671875 54.747699737548828125 54.582061767578125 54.41945648193359375 54.243984222412109375 54.63672637939453125 54.993988037109375 55.382572174072265625 55.8741607666015625 56.36408233642578125
