DatosClimaticos/DatosMaxEnt/2023/BIO4_2023.asc
ncols        206
nrows        206
xllcorner    -76.208333333333
yllcorner    4.492353333333
cellsize     0.008330000000
NODATA_value -9999
[rows 76 to 94 of 206, columns 86 to 128 of 206]
67.698577880859375 67.93424224853515625 67.58373260498046875 67.13588714599609375 66.969970703125 66.84136962890625 66.86241912841796875 66.908660888671875 66.76367950439453125 66.695343017578125 66.795654296875 66.8304595947265625 66.91407012939453125 67.08280181884765625 -9999 -9999 -9999 -9999 -9999 -9999 -9999 -9999 -9999 -9999 -9999 -9999 -9999 -9999 -9999 -9999 -9999 -9999 -9999 -9999 -9999 -9999 -9999 -9999 -9999 -9999 -9999 -9999 59.6338958740234375
67.59174346923828125 67.86212921142578125 67.32677459716796875 67.04833221435546875 66.673126220703125 66.52881622314453125 66.47664642333984375 66.4767608642578125 66.42543792724609375 66.4038543701171875 66.47100067138671875 66.4923095703125 66.74385833740234375 67.0153350830078125 67.30159759521484375 -9999 -9999 -9999 -9999 -9999 -9999 -9999 -9999 -9999 -9999 -9999 -9999 -9999 -9999 -9999 -9999 -9999 -9999 -9999 -9999 -9999 -9999 -9999 -9999 -9999 -9999 60.348796844482421875 59.685443878173828125
67.25927734375 67.49139404296875 66.96900177001953125 66.65087127685546875 66.3142242431640625 65.9954071044921875 65.963409423828125 65.83991241455078125 65.842559814453125 65.8906402587890625 65.84145355224609375 66.02791595458984375 66.26068115234375 66.50887298583984375 66.79148101806640625 -9999 -9999 -9999 -9999 -9999 -9999 -9999 -9999 -9999 -9999 -9999 -9999 -9999 -9999 -9999 -9999 -9999 -9999 -9999 -9999 -9999 -9999 -9999 -9999 -9999 59.489261627197265625 59.778453826904296875 59.23545074462890625
67.09564971923828125 67.1387939453125 66.64890289306640625 66.16567230224609375 65.80854034423828125 65.49505615234375 65.3361358642578125 65.33486175537109375 65.4124755859375 65.250946044921875 65.5047149658203125 65.53667449951171875 65.78701019287109375 65.97695159912109375 66.42459869384765625 -9999 -9999 -9999 -9999 -9999 -9999 -9999 -9999 -9999 -9999 -9999 -9999 -9999 -9999 -9999 -9999 -9999 -9999 -9999 -9999 -9999 -9999 -9999 -9999 -9999 58.8160400390625 58.966091156005859375 58.684658050537109375
66.9904022216796875 66.8123931884765625 66.24680328369140625 65.77497100830078125 65.22028350830078125 65.0718994140625 64.7441558837890625 64.7152252197265625 64.65705108642578125 64.75370025634765625 65.01116180419921875 65.15728759765625 65.41342926025390625 65.705413818359375 65.8446197509765625 -9999 -9999 -9999 -9999 -9999 -9999 -9999 -9999 -9999 -9999 -9999 -9999 -9999 -9999 -9999 -9999 -9999 -9999 -9999 -9999 -9999 -9999 -9999 -9999 -9999 58.0549774169921875 58.255840301513671875 58.025615692138671875
66.80603790283203125 66.54035186767578125 65.90839385986328125 65.32486724853515625 65.0020294189453125 64.641143798828125 64.176666259765625 64.1273040771484375 64.26940155029296875 64.4166107177734375 64.4371337890625 64.81255340576171875 64.95880126953125 65.28690338134765625 65.56707763671875 -9999 -9999 -9999 -9999 -9999 -9999 -9999 -9999 -9999 -9999 -9999 -9999 -9999 -9999 -9999 -9999 -9999 -9999 -9999 -9999 -9999 -9999 -9999 -9999 57.272907257080078125 57.377208709716796875 57.58548736572265625 57.771579742431640625
66.6923370361328125 66.323333740234375 65.613555908203125 65.13106536865234375 64.51921844482421875 64.10196685791015625 63.601406097412109375 63.580821990966796875 63.6609954833984375 63.850086212158203125 64.13726043701171875 64.40576171875 64.7308502197265625 64.985198974609375 65.26271820068359375 65.56310272216796875 -9999 -9999 -9999 -9999 -9999 -9999 -9999 -9999 -9999 -9999 -9999 -9999 -9999 -9999 -9999 -9999 -9999 -9999 -9999 -9999 56.539379119873046875 56.44681549072265625 56.54109954833984375 56.588962554931640625 56.792064666748046875 56.8837738037109375 57.22657012939453125
66.70055389404296875 66.40134429931640625 65.86458587646484375 65.225677490234375 64.72005462646484375 64.2783660888671875 63.91286468505859375 63.8123321533203125 63.816249847412109375 64.006622314453125 64.15525054931640625 64.5096893310546875 64.7772216796875 65.077301025390625 65.43140411376953125 65.72209930419921875 66.30291748046875 -9999 -9999 -9999 -9999 -9999 -9999 -9999 -9999 -9999 -9999 -9999 -9999 -9999 -9999 63.865566253662109375 62.622589111328125 61.206317901611328125 59.78601837158203125 58.340892791748046875 57.07086181640625 57.00328826904296875 56.7386016845703125 56.754756927490234375 56.6493072509765625 56.67835235595703125 57.08686065673828125
66.904266357421875 66.56888580322265625 65.96636199951171875 65.49947357177734375 64.941162109375 64.632080078125 64.25513458251953125 64.06554412841796875 64.10045623779296875 64.148101806640625 64.38236236572265625 64.55934906005859375 64.88872528076171875 65.339324951171875 65.82647705078125 66.226715087890625 66.72794342041015625 -9999 -9999 -9999 -9999 -9999 -9999 -9999 -9999 -9999 -9999 -9999 -9999 -9999 63.628299713134765625 63.468647003173828125 62.378925323486328125 61.101505279541015625 60.02156829833984375 58.952709197998046875 57.801067352294921875 57.4449462890625 57.148242950439453125 56.724971771240234375 56.587123870849609375 56.310337066650390625 57.07346343994140625
66.997344970703125 66.7667999267578125 66.2379302978515625 65.695587158203125 65.3571929931640625 65.077239990234375 64.62772369384765625 64.47878265380859375 64.35820770263671875 64.35430908203125 64.5552520751953125 64.648834228515625 65.00763702392578125 65.54668426513671875 66.065765380859375 66.54024505615234375 67.09332275390625 -9999 -9999 -9999 -9999 -9999 -9999 -9999 -9999 -9999 -9999 -9999 -9999 -9999 63.380176544189453125 63.158023834228515625 62.1913909912109375 61.233318328857421875 60.251712799072265625 59.383331298828125 58.503322601318359375 58.02135467529296875 57.43962860107421875 57.067012786865234375 56.472015380859375 56.144840240478515625 57.090007781982421875
67.257537841796875 66.9220123291015625 66.52411651611328125 66.2009124755859375 65.7843170166015625 65.27967071533203125 65.030120849609375 64.75577545166015625 64.7064971923828125 64.7010650634765625 64.6063232421875 64.777984619140625 65.2332763671875 65.73477935791015625 66.2958831787109375 66.97142791748046875 67.757568359375 -9999 -9999 -9999 -9999 -9999 -9999 -9999 -9999 -9999 -9999 -9999 -9999 63.34084320068359375 62.972919464111328125 62.88088226318359375 62.110607147216796875 61.377292633056640625 60.582530975341796875 59.956348419189453125 59.289134979248046875 58.675128936767578125 57.91341400146484375 57.25144195556640625 56.71909332275390625 56.146511077880859375 57.270359039306640625
67.4306640625 67.316558837890625 66.846160888671875 66.46343994140625 66.1048736572265625 65.7708587646484375 65.46176910400390625 65.20864105224609375 65.03006744384765625 64.926666259765625 64.89879608154296875 64.94655609130859375 65.372161865234375 66.0345458984375 66.61971282958984375 67.4255218505859375 68.12926483154296875 -9999 -9999 -9999 -9999 -9999 -9999 -9999 -9999 -9999 -9999 -9999 -9999 63.02616119384765625 62.66693115234375 62.52614593505859375 62.122638702392578125 61.424526214599609375 60.94783782958984375 60.575824737548828125 60.044933319091796875 59.259960174560546875 58.418033599853515625 57.6458740234375 56.847015380859375 56.147670745849609375 57.418224334716796875
67.6837005615234375 67.47571563720703125 66.8865509033203125 66.52396392822265625 65.89463043212890625 65.52017974853515625 65.12935638427734375 64.96035003662109375 64.8401336669921875 64.71587371826171875 64.71683502197265625 64.7595977783203125 65.11852264404296875 65.53699493408203125 66.05220794677734375 66.81655120849609375 67.4046630859375 -9999 -9999 -9999 -9999 -9999 -9999 -9999 -9999 -9999 -9999 -9999 63.12326812744140625 62.811046600341796875 62.643321990966796875 62.424732208251953125 62.024005889892578125 61.54244232177734375 61.126049041748046875 60.69921112060546875 60.27867889404296875 59.742198944091796875 59.23394012451171875 58.633335113525390625 58.312137603759765625 57.810031890869140625 58.730255126953125
67.9648590087890625 67.78499603271484375 67.18920135498046875 66.5502471923828125 65.86269378662109375 65.360687255859375 64.833587646484375 64.70375823974609375 64.46219635009765625 64.38954925537109375 64.53180694580078125 64.583709716796875 64.907623291015625 65.24404144287109375 65.5267486572265625 65.94298553466796875 66.55756378173828125 66.07660675048828125 -9999 -9999 -9999 -9999 -9999 -9999 -9999 -9999 62.99140167236328125 62.92073822021484375 62.813159942626953125 62.69783782958984375 62.607852935791015625 62.601627349853515625 62.211780548095703125 61.830356597900390625 61.344486236572265625 60.92485809326171875 60.489498138427734375 60.264736175537109375 60.031402587890625 59.90576934814453125 59.713901519775390625 59.50799560546875 60.144775390625
68.3253021240234375 68.2015533447265625 67.3773040771484375 66.5189361572265625 65.94193267822265625 65.15137481689453125 64.5172271728515625 64.29143524169921875 64.19382476806640625 64.27397918701171875 64.3093109130859375 64.41898345947265625 64.46590423583984375 64.69644927978515625 65.070098876953125 65.37535858154296875 65.72522735595703125 65.34391021728515625 64.984771728515625 64.62853240966796875 64.30411529541015625 63.922260284423828125 63.515567779541015625 63.23571014404296875 62.84935760498046875 62.502819061279296875 62.217975616455078125 62.2679443359375 62.462432861328125 62.47214508056640625 62.70726776123046875 62.99849700927734375 62.519939422607421875 62.101226806640625 61.65033721923828125 61.2523651123046875 60.836986541748046875 60.8060455322265625 60.960186004638671875 61.074451446533203125 61.3249969482421875 61.514057159423828125 61.559253692626953125
68.623016357421875 68.64926910400390625 67.51568603515625 66.741363525390625 65.77391815185546875 65.0169830322265625 64.22324371337890625 64.05948638916015625 64.14246368408203125 64.05352783203125 64.07916259765625 64.26551055908203125 64.34099578857421875 64.22955322265625 64.53986358642578125 64.6490020751953125 64.9082183837890625 64.7775421142578125 64.50463104248046875 64.3322906494140625 64.13574981689453125 63.95326995849609375 63.46437835693359375 62.902080535888671875 62.364337921142578125 61.984584808349609375 61.45233154296875 61.906124114990234375 62.0680084228515625 62.6459808349609375 63.09659576416015625 63.436100006103515625 62.991222381591796875 62.52336883544921875 62.07269287109375 61.695980072021484375 61.218868255615234375 61.692829132080078125 62.163372039794921875 62.53110504150390625 62.988864898681640625 63.71175384521484375 63.33194732666015625
69.12574005126953125 69.181976318359375 67.93910980224609375 66.7986602783203125 65.71698760986328125 64.78311920166015625 63.976993560791015625 63.857696533203125 63.81266021728515625 63.842037200927734375 63.9457244873046875 64.1939849853515625 63.970844268798828125 63.887744903564453125 63.881549835205078125 63.95227813720703125 64.09967803955078125 64.03319549560546875 63.984806060791015625 63.962009429931640625 63.964832305908203125 63.9932708740234375 63.27118682861328125 62.57928466796875 61.91857147216796875 61.290065765380859375 60.69476318359375 61.2406463623046875 61.991207122802734375 62.585552215576171875 63.371204376220703125 63.9974365234375 63.56656646728515625 62.985942840576171875 62.544429779052734375 62.09200286865234375 61.672298431396484375 62.2747039794921875 63.10221099853515625 64.0511932373046875 64.979522705078125 65.71846771240234375 64.8852996826171875
69.00406646728515625 69.00765228271484375 67.88791656494140625 66.7140960693359375 65.61444091796875 64.765869140625 63.89813995361328125 63.7801666259765625 63.73386383056640625 63.737567901611328125 63.74083709716796875 63.947025299072265625 63.819446563720703125 63.67608642578125 63.549671173095703125 63.53984832763671875 63.7499847412109375 63.6547088623046875 63.548702239990234375 63.653469085693359375 63.70384979248046875 63.747547149658203125 63.20308685302734375 62.6724700927734375 62.108592987060546875 61.77271270751953125 61.194858551025390625 61.7348175048828125 62.122470855712890625 62.5151519775390625 63.088054656982421875 63.60572052001953125 63.335784912109375 62.91278839111328125 62.771575927734375 62.29715728759765625 62.059783935546875 62.611179351806640625 63.243946075439453125 64.08017730712890625 64.781951904296875 65.5373077392578125 64.751129150390625
69.04531097412109375 68.8256683349609375 67.7115478515625 66.6273345947265625 65.70911407470703125 64.59751129150390625 63.826587677001953125 63.70552825927734375 63.56421661376953125 63.644138336181640625 63.67608642578125 63.847949981689453125 63.580165863037109375 63.531978607177734375 63.29630279541015625 63.415775299072265625 63.3345794677734375 63.20265960693359375 63.34194183349609375 63.451206207275390625 63.54300689697265625 63.52274322509765625 63.175624847412109375 62.744632720947265625 62.53614044189453125 62.17163848876953125 61.954998016357421875 61.99768829345703125 62.240573883056640625 62.619052886962890625 62.769199371337890625 63.15560150146484375 63.001804351806640625 62.94342803955078125 62.716236114501953125 62.5483551025390625 62.523105621337890625 62.883312225341796875 63.381725311279296875 63.9964599609375 64.58295440673828125 65.20906829833984375 64.37761688232421875
