DatosClimaticos/DatosMaxEnt/2023/BIO4_2023.asc
ncols        206
nrows        206
xllcorner    -76.208333333333
yllcorner    4.492353333333
cellsize     0.008330000000
NODATA_value -9999
[rows 133 to 151 of 206, columns 86 to 128 of 206]
58.164936065673828125 58.300525665283203125 58.6566619873046875 59.02130126953125 59.5850677490234375 60.058116912841796875 60.68927001953125 61.023334503173828125 61.390598297119140625 62.150356292724609375 62.8988800048828125 63.75506591796875 63.63677215576171875 63.781147003173828125 63.888072967529296875 64.23410797119140625 64.6942596435546875 64.50757598876953125 64.5161895751953125 64.4619140625 64.2564697265625 64.394134521484375 64.20684814453125 64.13921356201171875 64.03497314453125 64.08425140380859375 64.12374114990234375 63.683734893798828125 63.363315582275390625 63.067905426025390625 62.924556732177734375 62.8295745849609375 62.322235107421875 62.066650390625 61.816303253173828125 61.566741943359375 61.22153472900390625 60.730091094970703125 60.23949432373046875 59.747325897216796875 59.36590576171875 59.00616455078125 58.71446990966796875
58.059356689453125 58.238494873046875 58.564365386962890625 59.17887115478515625 59.598598480224609375 60.169666290283203125 60.793994903564453125 60.967376708984375 61.5148468017578125 62.178325653076171875 62.6464385986328125 63.6012420654296875 63.6213836669921875 63.659946441650390625 63.962268829345703125 64.3291778564453125 64.701385498046875 64.781951904296875 64.561126708984375 64.28369903564453125 64.22692108154296875 64.2239990234375 64.20652008056640625 64.1659088134765625 64.1389923095703125 64.1854248046875 64.3097991943359375 63.965267181396484375 63.674671173095703125 63.335239410400390625 63.2783050537109375 63.123226165771484375 62.7210540771484375 62.1846923828125 61.916316986083984375 61.48537445068359375 60.9492034912109375 60.5115203857421875 59.96785736083984375 59.514469146728515625 59.138301849365234375 58.74444580078125 58.740291595458984375
57.85594940185546875 58.21344757080078125 58.6513214111328125 59.138416290283203125 59.5307464599609375 60.215396881103515625 60.796905517578125 61.1818084716796875 61.634494781494140625 62.043148040771484375 62.5713348388671875 63.379970550537109375 63.522129058837890625 63.700511932373046875 63.972759246826171875 64.3729400634765625 64.89296722412109375 64.80690765380859375 64.46844482421875 64.3856658935546875 64.27831268310546875 64.17208099365234375 64.1376953125 64.17861175537109375 64.29775238037109375 64.3798370361328125 64.52405548095703125 64.1103668212890625 63.762729644775390625 63.5775299072265625 63.63808441162109375 63.6088714599609375 63.0434722900390625 62.467769622802734375 61.936794281005859375 61.233882904052734375 60.703456878662109375 60.2846832275390625 59.783115386962890625 59.434429168701171875 59.148410797119140625 58.7463226318359375 58.7629852294921875
57.620105743408203125 58.199371337890625 58.694240570068359375 59.105133056640625 59.722667694091796875 60.31307220458984375 60.992984771728515625 61.24314117431640625 61.55175018310546875 61.9940643310546875 62.388385772705078125 63.22051239013671875 63.328289031982421875 63.74488067626953125 64.0921630859375 64.57628631591796875 65.081787109375 64.821868896484375 64.5511627197265625 64.51909637451171875 64.3196258544921875 64.13311004638671875 64.21675872802734375 64.252471923828125 64.4549102783203125 64.54363250732421875 64.76624298095703125 64.412353515625 64.14853668212890625 63.87237548828125 63.861328125 64.0574188232421875 63.279144287109375 62.530033111572265625 61.8493194580078125 61.168598175048828125 60.536647796630859375 60.18494415283203125 59.66799163818359375 59.40503692626953125 59.099536895751953125 58.779956817626953125 58.73757171630859375
57.5128021240234375 58.19626617431640625 58.59291839599609375 59.127452850341796875 59.734771728515625 60.314914703369140625 61.195766448974609375 61.2591705322265625 61.718616485595703125 62.026988983154296875 62.47727203369140625 63.0847625732421875 63.354106903076171875 63.66452789306640625 64.0190277099609375 64.6496429443359375 65.23860931396484375 64.9705047607421875 64.72307586669921875 64.496551513671875 64.291168212890625 64.0699462890625 64.2293548583984375 64.38361358642578125 64.56967926025390625 64.787261962890625 65.03604888916015625 64.63405609130859375 64.37320709228515625 64.36985015869140625 64.3193359375 64.4723663330078125 63.70552825927734375 62.771854400634765625 61.92395782470703125 61.15024566650390625 60.40538787841796875 60.099727630615234375 59.5889129638671875 59.2492828369140625 59.01900482177734375 58.788402557373046875 58.756916046142578125
57.550884246826171875 58.0586395263671875 58.4673919677734375 58.88092803955078125 59.47307586669921875 60.036563873291015625 60.783542633056640625 61.04180908203125 61.34295654296875 61.69036865234375 62.147003173828125 62.87723541259765625 63.17034912109375 63.41507720947265625 63.819881439208984375 64.2772216796875 64.82651519775390625 64.6210479736328125 64.46945953369140625 64.3893890380859375 64.41159820556640625 64.1063995361328125 64.1704559326171875 64.18109893798828125 64.270751953125 64.35463714599609375 64.441619873046875 64.1214141845703125 64.07757568359375 63.953258514404296875 63.99555206298828125 64.32289886474609375 63.7700958251953125 63.047214508056640625 62.232913970947265625 61.615520477294921875 60.949604034423828125 60.62743377685546875 60.279155731201171875 59.7957763671875 59.579021453857421875 59.29064178466796875 59.13489532470703125
57.46279144287109375 57.927398681640625 58.24712371826171875 58.714511871337890625 59.058750152587890625 59.635162353515625 60.359283447265625 60.808956146240234375 61.162807464599609375 61.43304443359375 62.075714111328125 62.77666473388671875 62.865543365478515625 63.161651611328125 63.558414459228515625 63.924259185791015625 64.46117401123046875 64.4398956298828125 64.23989105224609375 64.01557159423828125 64.18477630615234375 64.087982177734375 64.0916748046875 63.953540802001953125 63.90482330322265625 63.89752960205078125 63.866344451904296875 63.777103424072265625 63.615203857421875 63.807491302490234375 63.971172332763671875 64.40653228759765625 63.802539825439453125 63.13228607177734375 62.573108673095703125 62.1963043212890625 61.624477386474609375 61.2977142333984375 60.78902435302734375 60.635524749755859375 60.19255828857421875 59.9251251220703125 59.57779693603515625
57.508636474609375 57.802585601806640625 58.24784088134765625 58.416011810302734375 58.966739654541015625 59.285839080810546875 59.9462738037109375 60.285259246826171875 60.841953277587890625 61.365070343017578125 61.96923065185546875 62.699184417724609375 62.85858154296875 62.8645477294921875 63.22325897216796875 63.646595001220703125 64.100616455078125 64.23557281494140625 63.996852874755859375 64.0565643310546875 64.02358245849609375 64.14479827880859375 63.938068389892578125 63.6813201904296875 63.47389984130859375 63.38083648681640625 63.37963104248046875 63.23120880126953125 63.39870452880859375 63.561431884765625 63.682918548583984375 64.0240325927734375 63.7421417236328125 63.327892303466796875 63.073741912841796875 62.452594757080078125 62.31700897216796875 61.821258544921875 61.65067291259765625 61.184192657470703125 60.9658355712890625 60.5384979248046875 60.0077972412109375
57.392818450927734375 57.684246063232421875 57.973217010498046875 58.1705322265625 58.577167510986328125 59.1312103271484375 59.544742584228515625 59.95009613037109375 60.587215423583984375 61.180515289306640625 61.99361419677734375 62.673038482666015625 62.691745758056640625 62.66382598876953125 62.9477691650390625 63.2193450927734375 63.788753509521484375 63.80159759521484375 63.8193511962890625 63.8512115478515625 64.0533599853515625 64.20583343505859375 63.86524200439453125 63.540821075439453125 63.206783294677734375 63.035854339599609375 62.7745513916015625 62.73300933837890625 63.106060028076171875 63.159687042236328125 63.66361236572265625 63.9591217041015625 63.87743377685546875 63.698329925537109375 63.201396942138671875 63.25130462646484375 62.982952117919921875 62.602527618408203125 62.21807098388671875 61.985660552978515625 61.486827850341796875 61.18068695068359375 60.51668548583984375
57.312496185302734375 57.598224639892578125 57.759738922119140625 58.03566741943359375 58.353092193603515625 58.726531982421875 59.17165374755859375 59.72733306884765625 60.38758087158203125 61.081172943115234375 61.858036041259765625 62.7804107666015625 62.591045379638671875 62.545135498046875 62.76056671142578125 63.03630828857421875 63.46175384521484375 63.557498931884765625 63.70944976806640625 63.8740081787109375 64.07006072998046875 64.21361541748046875 63.7630157470703125 63.2947235107421875 62.8874664306640625 62.58222198486328125 62.3773651123046875 62.546649932861328125 62.869903564453125 63.005001068115234375 63.491180419921875 64.04750823974609375 63.95500946044921875 63.8792266845703125 63.820220947265625 63.734516143798828125 63.641246795654296875 63.35147857666015625 62.96047210693359375 62.57989501953125 62.20993804931640625 61.850795745849609375 61.200531005859375
57.67345428466796875 58.036388397216796875 58.494419097900390625 58.78716278076171875 59.052532196044921875 59.427288055419921875 59.98813629150390625 60.391719818115234375 60.67987060546875 61.350582122802734375 61.93425750732421875 62.69503021240234375 62.6493072509765625 62.780521392822265625 63.09758758544921875 63.47783660888671875 63.97829437255859375 63.89133453369140625 64.0157318115234375 63.985065460205078125 64.001129150390625 64.09151458740234375 63.730007171630859375 63.221981048583984375 62.84685516357421875 62.553684234619140625 62.223331451416015625 62.320354461669921875 62.596038818359375 62.876644134521484375 63.3581085205078125 63.82054901123046875 63.83881378173828125 63.873409271240234375 64.01220703125 64.08728790283203125 64.325775146484375 63.807476043701171875 63.363193511962890625 62.9233856201171875 62.503276824951171875 61.990756988525390625 61.019962310791015625
58.218994140625 58.810192108154296875 59.208316802978515625 59.452056884765625 59.884654998779296875 60.274486541748046875 60.8413238525390625 60.9466400146484375 61.2919921875 61.734310150146484375 62.06884765625 62.712749481201171875 62.8004302978515625 63.1345977783203125 63.495227813720703125 63.94023895263671875 64.53229522705078125 64.4216156005859375 64.204254150390625 64.1295318603515625 63.949794769287109375 63.942844390869140625 63.516551971435546875 63.203857421875 62.749652862548828125 62.487483978271484375 62.20061492919921875 62.297283172607421875 62.56774139404296875 62.839191436767578125 63.1170654296875 63.431720733642578125 63.705158233642578125 64.08582305908203125 64.2119293212890625 64.5513763427734375 64.91292572021484375 64.3244781494140625 63.783203125 63.297687530517578125 62.69783782958984375 62.146820068359375 61.244770050048828125
58.62071990966796875 59.618228912353515625 59.87191009521484375 60.32671356201171875 60.59009552001953125 61.164096832275390625 61.713665008544921875 61.707462310791015625 61.795528411865234375 62.011577606201171875 62.37335968017578125 62.78815460205078125 63.053989410400390625 63.44029998779296875 63.893833160400390625 64.42096710205078125 65.09906768798828125 64.74431610107421875 64.49466705322265625 64.220794677734375 63.966571807861328125 63.740360260009765625 63.339527130126953125 63.026599884033203125 62.7692413330078125 62.49327850341796875 62.1925201416015625 62.22718048095703125 62.490276336669921875 62.634632110595703125 63.025402069091796875 63.32521820068359375 63.681118011474609375 64.04766082763671875 64.45555877685546875 65.07778167724609375 65.5137786865234375 64.88883209228515625 64.21248626708984375 63.568683624267578125 62.961574554443359375 62.249664306640625 61.279754638671875
59.196044921875 60.326007843017578125 60.642093658447265625 61.040630340576171875 61.57685089111328125 62.083431243896484375 62.604358673095703125 62.395748138427734375 62.3612213134765625 62.410938262939453125 62.567241668701171875 62.90009307861328125 63.2891693115234375 63.750110626220703125 64.29471588134765625 64.93665313720703125 65.6514892578125 65.2321014404296875 64.7466583251953125 64.32048797607421875 63.98122406005859375 63.588958740234375 63.287853240966796875 62.9869232177734375 62.70249176025390625 62.41260528564453125 62.309879302978515625 62.305194854736328125 62.365966796875 62.6319732666015625 62.7446746826171875 63.137195587158203125 63.599933624267578125 64.2194976806640625 64.91179656982421875 65.5861358642578125 66.12798309326171875 65.393829345703125 64.60858154296875 63.881725311279296875 63.1238861083984375 62.42923736572265625 61.467075347900390625
59.80169677734375 60.943622589111328125 61.467288970947265625 61.8915252685546875 62.42122650146484375 62.943538665771484375 63.512630462646484375 63.150447845458984375 62.9728240966796875 62.86156463623046875 62.896892547607421875 63.064121246337890625 63.55837249755859375 64.1281280517578125 64.771392822265625 65.46208953857421875 66.24161529541015625 65.6383209228515625 65.0401611328125 64.5795135498046875 63.947025299072265625 63.539508819580078125 63.169689178466796875 62.904026031494140625 62.65708160400390625 62.540821075439453125 62.1920623779296875 62.306186676025390625 62.267734527587890625 62.495334625244140625 62.706272125244140625 62.975963592529296875 63.690441131591796875 64.4263153076171875 65.182861328125 65.95937347412109375 66.58683013916015625 65.91339874267578125 65.10872650146484375 64.25485992431640625 63.43872833251953125 62.631805419921875 61.698978424072265625
59.45135498046875 60.766574859619140625 61.079227447509765625 61.543163299560546875 62.00888824462890625 62.49637603759765625 62.988246917724609375 62.8571319580078125 62.701496124267578125 62.741977691650390625 62.839191436767578125 62.994197845458984375 63.508022308349609375 64.1445159912109375 64.71508026123046875 65.39605712890625 66.03040313720703125 65.60149383544921875 65.01297760009765625 64.53857421875 64.03037261962890625 63.666927337646484375 63.40975189208984375 63.088714599609375 62.9125823974609375 62.63866424560546875 62.438121795654296875 62.519817352294921875 62.48815155029296875 62.669811248779296875 62.82161712646484375 63.07909393310546875 63.83881378173828125 64.34731292724609375 65.18439483642578125 65.77628326416015625 66.502960205078125 65.76990509033203125 64.9589996337890625 64.19641876220703125 63.463939666748046875 62.754302978515625 61.485034942626953125
59.10846710205078125 60.403964996337890625 60.829380035400390625 61.149066925048828125 61.550060272216796875 62.096515655517578125 62.665821075439453125 62.509372711181640625 62.42845916748046875 62.503040313720703125 62.7539825439453125 63.01966094970703125 63.6109466552734375 64.132171630859375 64.77465057373046875 65.2620086669921875 65.84493255615234375 65.47454833984375 65.029266357421875 64.58525848388671875 64.27980804443359375 63.925777435302734375 63.547702789306640625 63.338199615478515625 63.060760498046875 62.908000946044921875 62.695804595947265625 62.59853363037109375 62.784503936767578125 62.966205596923828125 63.097629547119140625 63.3271942138671875 63.8512115478515625 64.38991546630859375 65.0026702880859375 65.6061859130859375 66.347412109375 65.48171234130859375 64.804229736328125 64.13932037353515625 63.3756866455078125 62.693866729736328125 61.52149200439453125
58.942592620849609375 60.058940887451171875 60.278331756591796875 60.710720062255859375 61.14025115966796875 61.70775604248046875 62.32724761962890625 62.269519805908203125 62.223541259765625 62.409420013427734375 62.77931976318359375 63.055530548095703125 63.61243438720703125 64.20868682861328125 64.7279052734375 65.17284393310546875 65.69927215576171875 65.41278839111328125 65.03720855712890625 64.73369598388671875 64.3957366943359375 64.16742706298828125 63.863079071044921875 63.54389190673828125 63.347408294677734375 63.112335205078125 62.9767913818359375 63.010028839111328125 63.110134124755859375 63.17496490478515625 63.4044952392578125 63.598293304443359375 63.989093780517578125 64.57697296142578125 65.058349609375 65.54052734375 66.1650238037109375 65.419586181640625 64.735626220703125 63.976383209228515625 63.36286163330078125 62.809719085693359375 61.6249847412109375
58.655109405517578125 59.7384796142578125 60.048404693603515625 60.273494720458984375 60.76404571533203125 61.298053741455078125 61.855621337890625 61.9097137451171875 62.10821533203125 62.396358489990234375 62.788043975830078125 63.180339813232421875 63.708103179931640625 64.132293701171875 64.58005523681640625 65.14325714111328125 65.54541778564453125 65.36685943603515625 65.14337921142578125 64.810089111328125 64.65886688232421875 64.28041839599609375 64.071075439453125 63.887271881103515625 63.640415191650390625 63.40724945068359375 63.19759368896484375 63.303997039794921875 63.37732696533203125 63.5549163818359375 63.698455810546875 63.813205718994140625 64.2470703125 64.7818450927734375 65.1621246337890625 65.48451995849609375 66.03387451171875 65.2790374755859375 64.6203155517578125 63.933017730712890625 63.364795684814453125 62.795013427734375 61.644969940185546875
