DatosClimaticos/DatosMaxEnt/2023/BIO4_2023.asc
ncols        206
nrows        206
xllcorner    -76.208333333333
yllcorner    4.492353333333
cellsize     0.008330000000
NODATA_value -9999
[rows 133 to 151 of 206, columns 43 to 85 of 206]
44.349994659423828125 45.660430908203125 47.00701904296875 48.347484588623046875 49.733036041259765625 50.515399932861328125 50.974853515625 51.6964111328125 52.2539215087890625 53.001750946044921875 51.449459075927734375 50.195919036865234375 48.5894622802734375 47.21381378173828125 45.8427276611328125 45.791248321533203125 45.83869171142578125 45.820224761962890625 45.7925567626953125 45.830966949462890625 46.220241546630859375 46.565570831298828125 47.03160858154296875 47.333683013916015625 47.779804229736328125 48.807872772216796875 50.068477630615234375 51.211757659912109375 52.432147979736328125 53.729000091552734375 54.918247222900390625 56.30602264404296875 57.480007171630859375 58.907352447509765625 60.31841278076171875 59.97406768798828125 59.6464691162109375 59.185031890869140625 58.756145477294921875 58.378955841064453125 58.3221435546875 58.289150238037109375 58.239925384521484375
44.614299774169921875 46.093410491943359375 47.45494842529296875 49.01592254638671875 50.4604339599609375 50.92333221435546875 51.3407745361328125 51.44367218017578125 51.962860107421875 52.29860687255859375 51.143230438232421875 49.703495025634765625 48.407917022705078125 47.157299041748046875 45.9661712646484375 46.09009552001953125 45.958522796630859375 46.005641937255859375 46.119167327880859375 46.20147705078125 46.509613037109375 46.80609893798828125 47.27231597900390625 47.731597900390625 48.091060638427734375 49.147365570068359375 50.3389892578125 51.342803955078125 52.463527679443359375 53.641345977783203125 55.00572967529296875 56.119709014892578125 57.488811492919921875 58.84529876708984375 60.253787994384765625 59.813411712646484375 59.20269012451171875 58.625621795654296875 58.083454132080078125 57.6177978515625 57.620208740234375 57.73532867431640625 57.893985748291015625
44.83464813232421875 46.381793975830078125 48.026668548583984375 49.562023162841796875 51.230060577392578125 51.340824127197265625 51.404628753662109375 51.539966583251953125 51.57330322265625 51.754680633544921875 50.477081298828125 49.26416778564453125 48.268402099609375 47.13006591796875 46.104953765869140625 46.219791412353515625 46.276042938232421875 46.244968414306640625 46.447551727294921875 46.5283660888671875 47.019866943359375 47.2224884033203125 47.590320587158203125 47.977046966552734375 48.42598724365234375 49.3100128173828125 50.4612579345703125 51.47226715087890625 52.569976806640625 53.583072662353515625 54.799190521240234375 56.126392364501953125 57.44435882568359375 58.924915313720703125 60.195903778076171875 59.37171173095703125 58.757389068603515625 58.093616485595703125 57.418903350830078125 56.8768768310546875 56.878692626953125 57.236034393310546875 57.50982666015625
45.213592529296875 46.851642608642578125 48.455074310302734375 50.3215179443359375 52.11579132080078125 51.94902801513671875 51.674648284912109375 51.539409637451171875 51.203212738037109375 51.148529052734375 50.032695770263671875 49.035472869873046875 48.142780303955078125 47.14185333251953125 46.25893402099609375 46.26979827880859375 46.421527862548828125 46.6321868896484375 46.738559722900390625 46.878314971923828125 47.1153106689453125 47.63722991943359375 47.9366455078125 48.339710235595703125 48.7841033935546875 49.787464141845703125 50.586078643798828125 51.648838043212890625 52.786304473876953125 53.547031402587890625 54.792205810546875 56.05088043212890625 57.529338836669921875 58.802753448486328125 60.144775390625 59.38165283203125 58.5670318603515625 57.591999053955078125 56.6678314208984375 55.886913299560546875 56.258457183837890625 56.717624664306640625 57.175838470458984375
45.476795196533203125 47.133289337158203125 48.9681549072265625 50.87912750244140625 52.947826385498046875 52.42031097412109375 51.9029541015625 51.38990020751953125 50.996509552001953125 50.535106658935546875 49.587184906005859375 48.773853302001953125 47.975688934326171875 47.193454742431640625 46.427959442138671875 46.53045654296875 46.6445465087890625 46.7609710693359375 47.024814605712890625 47.2490997314453125 47.601573944091796875 47.968738555908203125 48.35193634033203125 48.750782012939453125 49.1649017333984375 50.045810699462890625 50.938076019287109375 51.84110260009765625 52.65862274169921875 53.518428802490234375 54.86270904541015625 56.068210601806640625 57.3730926513671875 58.7180633544921875 60.100421905517578125 59.13027191162109375 58.07442474365234375 57.069568634033203125 56.128509521484375 55.036777496337890625 55.62528228759765625 56.181423187255859375 56.851902008056640625
45.2720184326171875 47.0766754150390625 48.832248687744140625 50.78978729248046875 52.749851226806640625 52.019161224365234375 51.3580169677734375 50.708248138427734375 49.88867950439453125 49.233905792236328125 48.504062652587890625 47.943035125732421875 47.31166839599609375 46.6159515380859375 45.905925750732421875 46.03237152099609375 46.424594879150390625 46.60805511474609375 47.00197601318359375 47.1126556396484375 47.838413238525390625 48.444339752197265625 48.969944000244140625 49.606716156005859375 50.27024078369140625 50.953052520751953125 51.6259918212890625 52.377819061279296875 53.02606964111328125 53.592792510986328125 54.883525848388671875 56.05483245849609375 57.266357421875 58.60263824462890625 59.8231201171875 58.941295623779296875 57.884746551513671875 57.04802703857421875 56.233684539794921875 55.297679901123046875 55.852420806884765625 56.35285186767578125 56.933197021484375
45.165821075439453125 46.911022186279296875 48.74855804443359375 50.517513275146484375 52.53905487060546875 51.797466278076171875 50.76352691650390625 49.68735504150390625 48.95298004150390625 47.978057861328125 47.557476043701171875 47.0139617919921875 46.585102081298828125 45.945770263671875 45.5738677978515625 45.804534912109375 46.128200531005859375 46.38089752197265625 46.801944732666015625 47.10337066650390625 48.038665771484375 48.889385223388671875 49.74385833740234375 50.6161346435546875 51.588298797607421875 51.98450469970703125 52.446849822998046875 52.852569580078125 53.3413238525390625 53.666927337646484375 54.90387725830078125 56.0648651123046875 57.114955902099609375 58.311603546142578125 59.447223663330078125 58.669742584228515625 57.90575408935546875 57.1290435791015625 56.31649017333984375 55.55644989013671875 56.037609100341796875 56.554485321044921875 56.9824981689453125
44.93102264404296875 46.773891448974609375 48.558010101318359375 50.5062408447265625 52.294223785400390625 51.12747955322265625 50.1692962646484375 48.9619140625 47.841243743896484375 46.7802734375 46.5816192626953125 46.02845001220703125 45.72933197021484375 45.40879058837890625 45.084392547607421875 45.5218963623046875 45.70745849609375 46.36695098876953125 46.766021728515625 47.12984466552734375 48.309909820556640625 49.43561553955078125 50.540462493896484375 51.698696136474609375 52.78907012939453125 53.07541656494140625 53.291782379150390625 53.47052764892578125 53.64057159423828125 53.883152008056640625 54.81534576416015625 55.9581146240234375 57.034515380859375 57.969146728515625 59.068050384521484375 58.3871612548828125 57.787853240966796875 57.16100311279296875 56.443126678466796875 55.83264923095703125 56.254058837890625 56.652618408203125 57.0666656494140625
44.894069671630859375 46.538272857666015625 48.494899749755859375 50.2552337646484375 52.10344696044921875 50.891819000244140625 49.535480499267578125 48.1386871337890625 46.941009521484375 45.585086822509765625 45.321231842041015625 45.105953216552734375 45.01735687255859375 44.706195831298828125 44.67980194091796875 45.105182647705078125 45.557254791259765625 46.173583984375 46.70450592041015625 47.143985748291015625 48.606769561767578125 49.9293060302734375 51.32025909423828125 52.68939208984375 54.071117401123046875 54.106426239013671875 54.111171722412109375 53.99324798583984375 54.035915374755859375 54.090763092041015625 55.035388946533203125 55.96407318115234375 56.776287078857421875 57.774749755859375 58.697967529296875 58.215999603271484375 57.6118927001953125 57.078830718994140625 56.648571014404296875 56.151378631591796875 56.56725311279296875 56.783946990966796875 57.160045623779296875
44.8079833984375 46.549480438232421875 48.306888580322265625 50.0748748779296875 51.92119598388671875 50.582645416259765625 48.870578765869140625 47.39476776123046875 45.9139251708984375 44.44683074951171875 44.39078521728515625 44.26522064208984375 44.221271514892578125 44.297821044921875 44.227550506591796875 44.7778472900390625 45.358676910400390625 45.850963592529296875 46.48676300048828125 47.26910400390625 48.7905120849609375 50.454376220703125 52.09984588623046875 53.693363189697265625 55.400482177734375 55.081695556640625 54.77965545654296875 54.592987060546875 54.3968658447265625 54.280185699462890625 55.058807373046875 55.869579315185546875 56.68675994873046875 57.50229644775390625 58.27251434326171875 57.864231109619140625 57.43166351318359375 57.077007293701171875 56.758426666259765625 56.490459442138671875 56.716888427734375 56.8843841552734375 57.08303070068359375
44.8977813720703125 46.409633636474609375 47.958316802978515625 49.558467864990234375 51.27777099609375 49.9040069580078125 48.412776947021484375 46.981601715087890625 45.70214080810546875 44.304737091064453125 44.297916412353515625 44.414867401123046875 44.399700164794921875 44.542972564697265625 44.80472564697265625 45.156131744384765625 45.62939453125 46.161327362060546875 46.717830657958984375 47.159526824951171875 48.83852386474609375 50.51448822021484375 52.198139190673828125 53.77710723876953125 55.5930633544921875 55.49849700927734375 55.32836151123046875 55.333255767822265625 55.23150634765625 55.02474212646484375 55.65737152099609375 56.249568939208984375 56.861675262451171875 57.301998138427734375 57.92360687255859375 57.5899505615234375 57.199260711669921875 56.839122772216796875 56.62651824951171875 56.25753021240234375 56.54619598388671875 56.865871429443359375 57.345851898193359375
45.039546966552734375 46.4248199462890625 47.699291229248046875 49.219249725341796875 50.612911224365234375 49.3053131103515625 47.923313140869140625 46.69998931884765625 45.455257415771484375 44.16910552978515625 44.39923095703125 44.5802001953125 44.8018798828125 44.968505859375 45.33921051025390625 45.6031341552734375 45.98797607421875 46.2738494873046875 46.686008453369140625 47.172924041748046875 48.791843414306640625 50.404956817626953125 52.24973297119140625 53.865509033203125 55.748630523681640625 55.793315887451171875 55.682819366455078125 55.8175811767578125 55.954021453857421875 55.867527008056640625 56.345783233642578125 56.61988067626953125 57.0151519775390625 57.31908416748046875 57.59320831298828125 57.26781463623046875 56.95616912841796875 56.6154632568359375 56.185642242431640625 55.945659637451171875 56.38278961181640625 57.183124542236328125 57.687419891357421875
45.205608367919921875 46.312046051025390625 47.49800872802734375 48.932971954345703125 49.96074676513671875 48.75868988037109375 47.551654815673828125 46.39599609375 45.327663421630859375 44.039989471435546875 44.368465423583984375 44.7251434326171875 44.99419403076171875 45.435546875 45.88655853271484375 46.1390380859375 46.21688079833984375 46.598461151123046875 46.780517578125 47.0480499267578125 48.703609466552734375 50.524539947509765625 52.1569976806640625 54.062015533447265625 55.885486602783203125 56.228328704833984375 56.20478057861328125 56.51454925537109375 56.66948699951171875 56.85581207275390625 56.848285675048828125 57.04213714599609375 57.054843902587890625 57.133556365966796875 57.28127288818359375 56.95507049560546875 56.660953521728515625 56.346027374267578125 55.902942657470703125 55.64539337158203125 56.27993011474609375 57.102779388427734375 57.89902496337890625
45.414813995361328125 46.313846588134765625 47.433048248291015625 48.31982421875 49.321788787841796875 48.203182220458984375 47.054637908935546875 46.131359100341796875 44.993747711181640625 43.91745758056640625 44.397274017333984375 44.793254852294921875 45.372283935546875 45.967529296875 46.483795166015625 46.56601715087890625 46.654239654541015625 46.681751251220703125 46.86075592041015625 47.00936126708984375 48.64725494384765625 50.54219818115234375 52.362701416015625 54.134799957275390625 56.028949737548828125 56.230365753173828125 56.747798919677734375 57.046886444091796875 57.435516357421875 57.784740447998046875 57.652500152587890625 57.5113983154296875 57.2277984619140625 57.22991943359375 57.044330596923828125 56.73272705078125 56.263702392578125 55.93274688720703125 55.714099884033203125 55.356922149658203125 56.309413909912109375 57.193325042724609375 58.064785003662109375
45.622470855712890625 46.304904937744140625 47.124759674072265625 47.9023895263671875 48.696552276611328125 47.759090423583984375 46.656696319580078125 45.74127197265625 44.727802276611328125 43.801555633544921875 44.402435302734375 45.034168243408203125 45.69895172119140625 46.385089874267578125 47.101764678955078125 46.873554229736328125 46.8686676025390625 46.954692840576171875 46.980548858642578125 46.9975433349609375 48.75527191162109375 50.407695770263671875 52.391735076904296875 54.286983489990234375 56.178966522216796875 56.577136993408203125 57.156341552734375 57.590267181396484375 58.148456573486328125 58.849208831787109375 58.390209197998046875 57.950168609619140625 57.467426300048828125 57.07759857177734375 56.824825286865234375 56.390689849853515625 56.0238037109375 55.682819366455078125 55.368213653564453125 55.16956329345703125 56.153560638427734375 57.366451263427734375 58.448146820068359375
45.734951019287109375 46.574909210205078125 47.169666290283203125 47.938091278076171875 48.580615997314453125 47.7054595947265625 46.775226593017578125 45.849086761474609375 45.08716583251953125 44.203052520751953125 44.71675872802734375 45.424388885498046875 46.21843719482421875 46.908802032470703125 47.70191192626953125 47.8171234130859375 47.888523101806640625 48.1072845458984375 48.193386077880859375 48.4017486572265625 49.8548431396484375 51.557544708251953125 53.217060089111328125 54.826793670654296875 56.578609466552734375 57.023021697998046875 57.24666595458984375 57.724681854248046875 58.199310302734375 58.542659759521484375 58.051029205322265625 57.5529937744140625 57.184398651123046875 56.553562164306640625 56.09755706787109375 55.939266204833984375 55.610424041748046875 55.352596282958984375 55.1245269775390625 54.969879150390625 55.99609375 57.005603790283203125 58.25415802001953125
46.1511688232421875 46.656749725341796875 47.345123291015625 47.8135833740234375 48.48102569580078125 47.73101806640625 46.919460296630859375 46.162811279296875 45.2907867431640625 44.62708282470703125 45.23416900634765625 46.053619384765625 46.757556915283203125 47.45632171630859375 48.329524993896484375 48.56143951416015625 48.87461090087890625 49.281856536865234375 49.63426971435546875 49.95928955078125 51.29956817626953125 52.715167999267578125 54.147609710693359375 55.5278167724609375 56.982635498046875 57.139812469482421875 57.453769683837890625 57.78510284423828125 58.00974273681640625 58.243503570556640625 57.617076873779296875 57.166591644287109375 56.524501800537109375 55.958255767822265625 55.549198150634765625 55.355464935302734375 55.194904327392578125 55.156406402587890625 54.987293243408203125 54.872768402099609375 55.871673583984375 56.868068695068359375 58.06043243408203125
46.440746307373046875 46.858310699462890625 47.3933563232421875 47.766994476318359375 48.3978729248046875 47.77915191650390625 47.07269287109375 46.419490814208984375 45.7111053466796875 45.0730133056640625 45.79443359375 46.564174652099609375 47.3257598876953125 48.0500335693359375 48.98355865478515625 49.4454498291015625 49.956787109375 50.41100311279296875 50.976490020751953125 51.542392730712890625 52.628200531005859375 53.776332855224609375 54.966705322265625 56.157688140869140625 57.390960693359375 57.497100830078125 57.6684112548828125 57.77446746826171875 57.80799102783203125 57.957538604736328125 57.263584136962890625 56.641170501708984375 56.038848876953125 55.47797393798828125 55.032360076904296875 54.890735626220703125 54.857944488525390625 54.753787994384765625 54.81407928466796875 54.7584991455078125 55.646625518798828125 56.748149871826171875 57.762969970703125
46.61743927001953125 47.008625030517578125 47.348644256591796875 47.8904266357421875 48.331249237060546875 47.719593048095703125 47.137210845947265625 46.6120758056640625 46.175899505615234375 45.54019927978515625 46.32199859619140625 47.107349395751953125 47.803997039794921875 48.7640838623046875 49.662960052490234375 50.233257293701171875 50.999370574951171875 51.69963836669921875 52.341213226318359375 53.148769378662109375 54.072223663330078125 54.9986572265625 55.83339691162109375 56.849384307861328125 57.803485870361328125 57.762969970703125 57.74200439453125 57.663700103759765625 57.77434539794921875 57.684967041015625 57.032321929931640625 56.253192901611328125 55.638885498046875 54.923858642578125 54.311153411865234375 54.340923309326171875 54.4825897216796875 54.590076446533203125 54.631465911865234375 54.71916961669921875 55.59876251220703125 56.609943389892578125 57.5543670654296875
