DatosClimaticos/DatosMaxEnt/2023/BIO5_2023.asc
ncols        206
nrows        206
xllcorner    -76.208333333333
yllcorner    4.492353333333
cellsize     0.008330000000
NODATA_value -9999
[rows 95 to 113 of 206, columns 129 to 171 of 206]
21.870000839233398438 22.350000381469726562 22.829999923706054688 23.309999465942382812 23.799999237060546875 24.280000686645507812 24.770000457763671875 25.260000228881835938 25.739999771118164062 25.81999969482421875 25.879999160766601562 25.950000762939453125 26.020000457763671875 26.100000381469726562 26.559999465942382812 27.06999969482421875 27.600000381469726562 28.129999160766601562 28.659999847412109375 29.20999908447265625 29.760000228881835938 30.309999465942382812 30.8600006103515625 31.420000076293945312 31.70999908447265625 31.969999313354492188 32.229999542236328125 32.5 32.759998321533203125 33.15000152587890625 33.549999237060546875 33.950000762939453125 34.34999847412109375 34.759998321533203125 34.770000457763671875 34.759998321533203125 34.75 34.740001678466796875 34.729999542236328125 34.8600006103515625 35 35.1399993896484375 35.270000457763671875
22.06999969482421875 22.510000228881835938 22.950000762939453125 23.3899993896484375 23.909999847412109375 24.43000030517578125 24.95999908447265625 25.479999542236328125 26 26.010000228881835938 26.010000228881835938 26.010000228881835938 26 26 26.440000534057617188 26.909999847412109375 27.409999847412109375 27.909999847412109375 28.420000076293945312 29.010000228881835938 29.600000381469726562 30.200000762939453125 30.809999465942382812 31.440000534057617188 31.729999542236328125 32.009998321533203125 32.279998779296875 32.549999237060546875 32.81999969482421875 33.189998626708984375 33.56999969482421875 33.95999908447265625 34.340000152587890625 34.720001220703125 34.689998626708984375 34.6399993896484375 34.5800018310546875 34.529998779296875 34.470001220703125 34.6399993896484375 34.810001373291015625 34.990001678466796875 35.1699981689453125
22.270000457763671875 22.670000076293945312 23.06999969482421875 23.479999542236328125 24.030000686645507812 24.579999923706054688 25.1399993896484375 25.700000762939453125 26.260000228881835938 26.219999313354492188 26.1399993896484375 26.059999465942382812 25.989999771118164062 25.909999847412109375 26.31999969482421875 26.760000228881835938 27.219999313354492188 27.700000762939453125 28.18000030517578125 28.809999465942382812 29.450000762939453125 30.100000381469726562 30.780000686645507812 31.45999908447265625 31.760000228881835938 32.04000091552734375 32.31999969482421875 32.59999847412109375 32.880001068115234375 33.240001678466796875 33.59999847412109375 33.95999908447265625 34.31999969482421875 34.68000030517578125 34.6100006103515625 34.509998321533203125 34.409999847412109375 34.310001373291015625 34.220001220703125 34.409999847412109375 34.630001068115234375 34.84999847412109375 35.06999969482421875
22.29000091552734375 22.770000457763671875 23.25 23.739999771118164062 24.260000228881835938 24.780000686645507812 25.309999465942382812 25.829999923706054688 26.350000381469726562 26.340000152587890625 26.309999465942382812 26.280000686645507812 26.239999771118164062 26.20999908447265625 26.6100006103515625 27.030000686645507812 27.469999313354492188 27.93000030517578125 28.379999160766601562 28.950000762939453125 29.520000457763671875 30.090000152587890625 30.690000534057617188 31.29000091552734375 31.620000839233398438 31.93000030517578125 32.240001678466796875 32.549999237060546875 32.8600006103515625 33.220001220703125 33.5800018310546875 33.939998626708984375 34.299999237060546875 34.659999847412109375 34.619998931884765625 34.560001373291015625 34.5 34.439998626708984375 34.380001068115234375 34.560001373291015625 34.759998321533203125 34.95999908447265625 35.159999847412109375
22.309999465942382812 22.870000839233398438 23.440000534057617188 24.020000457763671875 24.5 24.989999771118164062 25.469999313354492188 25.950000762939453125 26.43000030517578125 26.469999313354492188 26.479999542236328125 26.5 26.510000228881835938 26.530000686645507812 26.909999847412109375 27.31999969482421875 27.739999771118164062 28.170000076293945312 28.6100006103515625 29.100000381469726562 29.600000381469726562 30.100000381469726562 30.600000381469726562 31.120000839233398438 31.469999313354492188 31.809999465942382812 32.15000152587890625 32.5 32.840000152587890625 33.200000762939453125 33.560001373291015625 33.9199981689453125 34.279998779296875 34.6399993896484375 34.6399993896484375 34.619998931884765625 34.59999847412109375 34.5800018310546875 34.549999237060546875 34.720001220703125 34.90000152587890625 35.0800018310546875 35.259998321533203125
22.329999923706054688 22.979999542236328125 23.6399993896484375 24.29000091552734375 24.75 25.190000534057617188 25.629999160766601562 26.06999969482421875 26.510000228881835938 26.600000381469726562 26.659999847412109375 26.719999313354492188 26.780000686645507812 26.840000152587890625 27.219999313354492188 27.6100006103515625 28.010000228881835938 28.420000076293945312 28.829999923706054688 29.25 29.68000030517578125 30.1100006103515625 30.530000686645507812 30.95999908447265625 31.31999969482421875 31.690000534057617188 32.06999969482421875 32.439998626708984375 32.81999969482421875 33.18000030517578125 33.54000091552734375 33.90000152587890625 34.259998321533203125 34.619998931884765625 34.659999847412109375 34.68000030517578125 34.689998626708984375 34.70999908447265625 34.729999542236328125 34.880001068115234375 35.04000091552734375 35.200000762939453125 35.3600006103515625
22.3600006103515625 23.100000381469726562 23.829999923706054688 24.56999969482421875 24.989999771118164062 25.3899993896484375 25.79000091552734375 26.190000534057617188 26.590000152587890625 26.719999313354492188 26.829999923706054688 26.940000534057617188 27.049999237060546875 27.159999847412109375 27.520000457763671875 27.899999618530273438 28.280000686645507812 28.659999847412109375 29.049999237060546875 29.399999618530273438 29.760000228881835938 30.1100006103515625 30.469999313354492188 30.81999969482421875 31.190000534057617188 31.579999923706054688 31.979999542236328125 32.3899993896484375 32.799999237060546875 33.159999847412109375 33.520000457763671875 33.880001068115234375 34.240001678466796875 34.59999847412109375 34.68000030517578125 34.729999542236328125 34.79000091552734375 34.84999847412109375 34.909999847412109375 35.04000091552734375 35.18000030517578125 35.3300018310546875 35.470001220703125
22.399999618530273438 23.20999908447265625 24.030000686645507812 24.850000381469726562 25.229999542236328125 25.590000152587890625 25.950000762939453125 26.31999969482421875 26.68000030517578125 26.850000381469726562 27 27.159999847412109375 27.31999969482421875 27.479999542236328125 27.829999923706054688 28.190000534057617188 28.549999237060546875 28.909999847412109375 29.270000457763671875 29.559999465942382812 29.840000152587890625 30.120000839233398438 30.409999847412109375 30.690000534057617188 31.059999465942382812 31.45999908447265625 31.899999618530273438 32.3300018310546875 32.770000457763671875 33.1399993896484375 33.5 33.8600006103515625 34.220001220703125 34.5800018310546875 34.689998626708984375 34.79000091552734375 34.8899993896484375 34.990001678466796875 35.090000152587890625 35.20999908447265625 35.3300018310546875 35.450000762939453125 35.56999969482421875
22.530000686645507812 23.299999237060546875 24.079999923706054688 24.8600006103515625 25.229999542236328125 25.590000152587890625 25.940000534057617188 26.29000091552734375 26.6399993896484375 26.809999465942382812 26.969999313354492188 27.129999160766601562 27.29000091552734375 27.450000762939453125 27.79000091552734375 28.129999160766601562 28.479999542236328125 28.81999969482421875 29.159999847412109375 29.450000762939453125 29.739999771118164062 30.020000457763671875 30.299999237060546875 30.590000152587890625 30.989999771118164062 31.420000076293945312 31.879999160766601562 32.34999847412109375 32.810001373291015625 33.18000030517578125 33.54000091552734375 33.90000152587890625 34.259998321533203125 34.6100006103515625 34.720001220703125 34.81999969482421875 34.909999847412109375 35 35.090000152587890625 35.20999908447265625 35.3300018310546875 35.450000762939453125 35.56999969482421875
22.659999847412109375 23.3899993896484375 24.129999160766601562 24.8600006103515625 25.229999542236328125 25.56999969482421875 25.909999847412109375 26.260000228881835938 26.600000381469726562 26.770000457763671875 26.93000030517578125 27.090000152587890625 27.25 27.409999847412109375 27.729999542236328125 28.059999465942382812 28.3899993896484375 28.719999313354492188 29.049999237060546875 29.340000152587890625 29.620000839233398438 29.909999847412109375 30.200000762939453125 30.489999771118164062 30.920000076293945312 31.3899993896484375 31.870000839233398438 32.3600006103515625 32.84999847412109375 33.220001220703125 33.5800018310546875 33.939998626708984375 34.299999237060546875 34.65000152587890625 34.759998321533203125 34.840000152587890625 34.93000030517578125 35.009998321533203125 35.090000152587890625 35.20999908447265625 35.3300018310546875 35.450000762939453125 35.56999969482421875
22.79000091552734375 23.479999542236328125 24.170000076293945312 24.8600006103515625 25.219999313354492188 25.549999237060546875 25.8899993896484375 26.229999542236328125 26.559999465942382812 26.729999542236328125 26.8899993896484375 27.049999237060546875 27.20999908447265625 27.370000839233398438 27.68000030517578125 27.989999771118164062 28.299999237060546875 28.6100006103515625 28.93000030517578125 29.219999313354492188 29.510000228881835938 29.799999237060546875 30.090000152587890625 30.3899993896484375 30.850000381469726562 31.350000381469726562 31.8600006103515625 32.380001068115234375 32.8899993896484375 33.259998321533203125 33.619998931884765625 33.979999542236328125 34.340000152587890625 34.689998626708984375 34.79000091552734375 34.869998931884765625 34.939998626708984375 35.020000457763671875 35.090000152587890625 35.20999908447265625 35.3300018310546875 35.450000762939453125 35.56999969482421875
22.93000030517578125 23.56999969482421875 24.219999313354492188 24.870000839233398438 25.20999908447265625 25.54000091552734375 25.870000839233398438 26.200000762939453125 26.520000457763671875 26.690000534057617188 26.850000381469726562 27.010000228881835938 27.170000076293945312 27.329999923706054688 27.620000839233398438 27.920000076293945312 28.20999908447265625 28.510000228881835938 28.809999465942382812 29.100000381469726562 29.399999618530273438 29.690000534057617188 29.989999771118164062 30.29000091552734375 30.79000091552734375 31.31999969482421875 31.8600006103515625 32.3899993896484375 32.9199981689453125 33.299999237060546875 33.659999847412109375 34.020000457763671875 34.380001068115234375 34.729999542236328125 34.81999969482421875 34.8899993896484375 34.95999908447265625 35.029998779296875 35.09999847412109375 35.20999908447265625 35.3300018310546875 35.450000762939453125 35.56999969482421875
23.059999465942382812 23.659999847412109375 24.270000457763671875 24.870000839233398438 25.200000762939453125 25.520000457763671875 25.840000152587890625 26.159999847412109375 26.479999542236328125 26.649999618530273438 26.809999465942382812 26.969999313354492188 27.129999160766601562 27.29000091552734375 27.56999969482421875 27.850000381469726562 28.129999160766601562 28.409999847412109375 28.690000534057617188 28.989999771118164062 29.29000091552734375 29.590000152587890625 29.8899993896484375 30.190000534057617188 30.729999542236328125 31.29000091552734375 31.850000381469726562 32.40000152587890625 32.95999908447265625 33.340000152587890625 33.700000762939453125 34.060001373291015625 34.4199981689453125 34.770000457763671875 34.84999847412109375 34.909999847412109375 34.979999542236328125 35.04000091552734375 35.09999847412109375 35.20999908447265625 35.3300018310546875 35.450000762939453125 35.56999969482421875
23.1399993896484375 23.719999313354492188 24.29000091552734375 24.870000839233398438 25.239999771118164062 25.590000152587890625 25.940000534057617188 26.299999237060546875 26.649999618530273438 26.799999237060546875 26.93000030517578125 27.059999465942382812 27.200000762939453125 27.329999923706054688 27.590000152587890625 27.850000381469726562 28.120000839233398438 28.379999160766601562 28.649999618530273438 28.950000762939453125 29.25 29.549999237060546875 29.8600006103515625 30.159999847412109375 30.70999908447265625 31.280000686645507812 31.850000381469726562 32.4199981689453125 32.979999542236328125 33.34999847412109375 33.689998626708984375 34.04000091552734375 34.3899993896484375 34.740001678466796875 34.810001373291015625 34.8600006103515625 34.9199981689453125 34.970001220703125 35.020000457763671875 35.1399993896484375 35.259998321533203125 35.380001068115234375 35.5
23.20999908447265625 23.770000457763671875 24.31999969482421875 24.870000839233398438 25.270000457763671875 25.659999847412109375 26.049999237060546875 26.440000534057617188 26.829999923706054688 26.950000762939453125 27.059999465942382812 27.159999847412109375 27.270000457763671875 27.370000839233398438 27.6100006103515625 27.8600006103515625 28.1100006103515625 28.3600006103515625 28.6100006103515625 28.909999847412109375 29.219999313354492188 29.530000686645507812 29.829999923706054688 30.1399993896484375 30.700000762939453125 31.280000686645507812 31.850000381469726562 32.43000030517578125 33 33.34999847412109375 33.689998626708984375 34.029998779296875 34.3600006103515625 34.700000762939453125 34.759998321533203125 34.810001373291015625 34.84999847412109375 34.90000152587890625 34.939998626708984375 35.060001373291015625 35.18000030517578125 35.299999237060546875 35.4199981689453125
23.29000091552734375 23.809999465942382812 24.340000152587890625 24.870000839233398438 25.299999237060546875 25.729999542236328125 26.159999847412109375 26.579999923706054688 27.010000228881835938 27.1100006103515625 27.18000030517578125 27.260000228881835938 27.340000152587890625 27.409999847412109375 27.6399993896484375 27.870000839233398438 28.100000381469726562 28.340000152587890625 28.56999969482421875 28.879999160766601562 29.190000534057617188 29.5 29.809999465942382812 30.120000839233398438 30.690000534057617188 31.270000457763671875 31.8600006103515625 32.439998626708984375 33.020000457763671875 33.3600006103515625 33.689998626708984375 34.009998321533203125 34.340000152587890625 34.659999847412109375 34.720001220703125 34.75 34.79000091552734375 34.81999969482421875 34.8600006103515625 34.979999542236328125 35.09999847412109375 35.220001220703125 35.340000152587890625
23.3600006103515625 23.8600006103515625 24.370000839233398438 24.870000839233398438 25.340000152587890625 25.799999237060546875 26.260000228881835938 26.719999313354492188 27.190000534057617188 27.260000228881835938 27.309999465942382812 27.3600006103515625 27.409999847412109375 27.45999908447265625 27.659999847412109375 27.879999160766601562 28.100000381469726562 28.309999465942382812 28.530000686645507812 28.840000152587890625 29.149999618530273438 29.469999313354492188 29.79000091552734375 30.100000381469726562 30.68000030517578125 31.270000457763671875 31.8600006103515625 32.450000762939453125 33.04000091552734375 33.369998931884765625 33.68000030517578125 34 34.310001373291015625 34.619998931884765625 34.6699981689453125 34.700000762939453125 34.720001220703125 34.75 34.779998779296875 34.90000152587890625 35.020000457763671875 35.1399993896484375 35.259998321533203125
23.43000030517578125 23.909999847412109375 24.3899993896484375 24.870000839233398438 25.370000839233398438 25.870000839233398438 26.370000839233398438 26.870000839233398438 27.3600006103515625 27.409999847412109375 27.43000030517578125 27.450000762939453125 27.479999542236328125 27.5 27.690000534057617188 27.8899993896484375 28.090000152587890625 28.29000091552734375 28.489999771118164062 28.799999237060546875 29.120000839233398438 29.440000534057617188 29.760000228881835938 30.079999923706054688 30.659999847412109375 31.260000228881835938 31.8600006103515625 32.45999908447265625 33.060001373291015625 33.380001068115234375 33.68000030517578125 33.979999542236328125 34.279998779296875 34.5800018310546875 34.619998931884765625 34.6399993896484375 34.659999847412109375 34.68000030517578125 34.700000762939453125 34.81999969482421875 34.939998626708984375 35.060001373291015625 35.18000030517578125
23.620000839233398438 24.079999923706054688 24.530000686645507812 24.989999771118164062 25.43000030517578125 25.870000839233398438 26.309999465942382812 26.75 27.18000030517578125 27.229999542236328125 27.260000228881835938 27.280000686645507812 27.299999237060546875 27.329999923706054688 27.56999969482421875 27.829999923706054688 28.090000152587890625 28.340000152587890625 28.600000381469726562 28.93000030517578125 29.260000228881835938 29.590000152587890625 29.920000076293945312 30.25 30.809999465942382812 31.379999160766601562 31.940000534057617188 32.509998321533203125 33.0800018310546875 33.3899993896484375 33.6699981689453125 33.950000762939453125 34.240001678466796875 34.520000457763671875 34.560001373291015625 34.59999847412109375 34.6399993896484375 34.68000030517578125 34.720001220703125 34.810001373291015625 34.909999847412109375 35.009998321533203125 35.119998931884765625
