DatosClimaticos/DatosMaxEnt/2023/BIO5_2023.asc
ncols        206
nrows        206
xllcorner    -76.208333333333
yllcorner    4.492353333333
cellsize     0.008330000000
NODATA_value -9999
[rows 114 to 132 of 206, columns 43 to 85 of 206]
27.020000457763671875 26.879999160766601562 26.75 26.6100006103515625 26.479999542236328125 26.370000839233398438 26.270000457763671875 26.159999847412109375 26.059999465942382812 25.950000762939453125 26.549999237060546875 27.170000076293945312 27.79000091552734375 28.409999847412109375 29.030000686645507812 29.3899993896484375 29.739999771118164062 30.100000381469726562 30.450000762939453125 30.799999237060546875 30.899999618530273438 30.989999771118164062 31.079999923706054688 31.170000076293945312 31.260000228881835938 31.030000686645507812 30.79000091552734375 30.559999465942382812 30.31999969482421875 30.090000152587890625 29.56999969482421875 29.049999237060546875 28.520000457763671875 28 27.469999313354492188 26.909999847412109375 26.3600006103515625 25.799999237060546875 25.239999771118164062 24.68000030517578125 24.309999465942382812 23.95999908447265625 23.600000381469726562
27.260000228881835938 27.190000534057617188 27.120000839233398438 27.049999237060546875 26.979999542236328125 26.739999771118164062 26.5 26.260000228881835938 26.020000457763671875 25.770000457763671875 26.3899993896484375 27.030000686645507812 27.670000076293945312 28.309999465942382812 28.950000762939453125 29.3600006103515625 29.760000228881835938 30.159999847412109375 30.559999465942382812 30.95999908447265625 31.020000457763671875 31.079999923706054688 31.129999160766601562 31.190000534057617188 31.239999771118164062 31.020000457763671875 30.799999237060546875 30.56999969482421875 30.350000381469726562 30.120000839233398438 29.620000839233398438 29.100000381469726562 28.579999923706054688 28.06999969482421875 27.549999237060546875 26.979999542236328125 26.399999618530273438 25.81999969482421875 25.239999771118164062 24.659999847412109375 24.260000228881835938 23.8600006103515625 23.45999908447265625
27.5 27.5 27.489999771118164062 27.479999542236328125 27.479999542236328125 27.1100006103515625 26.729999542236328125 26.350000381469726562 25.969999313354492188 25.600000381469726562 26.229999542236328125 26.8899993896484375 27.549999237060546875 28.20999908447265625 28.870000839233398438 29.31999969482421875 29.770000457763671875 30.219999313354492188 30.670000076293945312 31.120000839233398438 31.149999618530273438 31.170000076293945312 31.190000534057617188 31.200000762939453125 31.219999313354492188 31.010000228881835938 30.799999237060546875 30.590000152587890625 30.379999160766601562 30.159999847412109375 29.659999847412109375 29.159999847412109375 28.649999618530273438 28.1399993896484375 27.629999160766601562 27.04000091552734375 26.440000534057617188 25.840000152587890625 25.239999771118164062 24.6399993896484375 24.200000762939453125 23.760000228881835938 23.31999969482421875
27.75 27.799999237060546875 27.8600006103515625 27.920000076293945312 27.979999542236328125 27.469999313354492188 26.95999908447265625 26.450000762939453125 25.93000030517578125 25.420000076293945312 26.06999969482421875 26.75 27.43000030517578125 28.1100006103515625 28.79000091552734375 29.29000091552734375 29.79000091552734375 30.280000686645507812 30.780000686645507812 31.280000686645507812 31.270000457763671875 31.260000228881835938 31.239999771118164062 31.219999313354492188 31.200000762939453125 31.010000228881835938 30.809999465942382812 30.600000381469726562 30.399999618530273438 30.200000762939453125 29.70999908447265625 29.20999908447265625 28.70999908447265625 28.20999908447265625 27.70999908447265625 27.100000381469726562 26.479999542236328125 25.8600006103515625 25.239999771118164062 24.620000839233398438 24.1399993896484375 23.659999847412109375 23.18000030517578125
27.68000030517578125 27.81999969482421875 27.950000762939453125 28.090000152587890625 28.229999542236328125 27.70999908447265625 27.190000534057617188 26.670000076293945312 26.1399993896484375 25.620000839233398438 26.25 26.909999847412109375 27.56999969482421875 28.219999313354492188 28.879999160766601562 29.370000839233398438 29.850000381469726562 30.340000152587890625 30.81999969482421875 31.309999465942382812 31.299999237060546875 31.270000457763671875 31.25 31.219999313354492188 31.200000762939453125 30.989999771118164062 30.780000686645507812 30.56999969482421875 30.3600006103515625 30.149999618530273438 29.690000534057617188 29.229999542236328125 28.770000457763671875 28.309999465942382812 27.850000381469726562 27.239999771118164062 26.620000839233398438 26 25.3899993896484375 24.770000457763671875 24.29000091552734375 23.81999969482421875 23.340000152587890625
27.600000381469726562 27.81999969482421875 28.030000686645507812 28.25 28.45999908447265625 27.950000762939453125 27.420000076293945312 26.899999618530273438 26.370000839233398438 25.840000152587890625 26.450000762939453125 27.079999923706054688 27.70999908447265625 28.350000381469726562 28.979999542236328125 29.450000762939453125 29.920000076293945312 30.3899993896484375 30.8600006103515625 31.329999923706054688 31.309999465942382812 31.280000686645507812 31.260000228881835938 31.229999542236328125 31.200000762939453125 30.979999542236328125 30.760000228881835938 30.54000091552734375 30.309999465942382812 30.090000152587890625 29.670000076293945312 29.25 28.829999923706054688 28.409999847412109375 27.989999771118164062 27.379999160766601562 26.770000457763671875 26.159999847412109375 25.54000091552734375 24.93000030517578125 24.45999908447265625 23.979999542236328125 23.510000228881835938
27.520000457763671875 27.809999465942382812 28.1100006103515625 28.409999847412109375 28.700000762939453125 28.190000534057617188 27.659999847412109375 27.120000839233398438 26.590000152587890625 26.059999465942382812 26.649999618530273438 27.25 27.8600006103515625 28.469999313354492188 29.079999923706054688 29.54000091552734375 29.989999771118164062 30.440000534057617188 30.899999618530273438 31.350000381469726562 31.329999923706054688 31.299999237060546875 31.260000228881835938 31.229999542236328125 31.200000762939453125 30.969999313354492188 30.739999771118164062 30.5 30.270000457763671875 30.030000686645507812 29.649999618530273438 29.270000457763671875 28.8899993896484375 28.510000228881835938 28.129999160766601562 27.520000457763671875 26.920000076293945312 26.309999465942382812 25.700000762939453125 25.090000152587890625 24.620000839233398438 24.149999618530273438 23.68000030517578125
27.440000534057617188 27.809999465942382812 28.190000534057617188 28.56999969482421875 28.940000534057617188 28.420000076293945312 27.8899993896484375 27.350000381469726562 26.81999969482421875 26.280000686645507812 26.840000152587890625 27.43000030517578125 28.010000228881835938 28.600000381469726562 29.18000030517578125 29.620000839233398438 30.059999465942382812 30.489999771118164062 30.93000030517578125 31.370000839233398438 31.340000152587890625 31.309999465942382812 31.270000457763671875 31.239999771118164062 31.200000762939453125 30.95999908447265625 30.70999908447265625 30.45999908447265625 30.219999313354492188 29.969999313354492188 29.629999160766601562 29.29000091552734375 28.950000762939453125 28.6100006103515625 28.260000228881835938 27.670000076293945312 27.059999465942382812 26.45999908447265625 25.8600006103515625 25.25 24.780000686645507812 24.31999969482421875 23.8600006103515625
27.3600006103515625 27.809999465942382812 28.270000457763671875 28.719999313354492188 29.18000030517578125 28.659999847412109375 28.120000839233398438 27.579999923706054688 27.04000091552734375 26.5 27.04000091552734375 27.600000381469726562 28.159999847412109375 28.719999313354492188 29.280000686645507812 29.70999908447265625 30.129999160766601562 30.549999237060546875 30.969999313354492188 31.3899993896484375 31.3600006103515625 31.31999969482421875 31.280000686645507812 31.239999771118164062 31.200000762939453125 30.950000762939453125 30.690000534057617188 30.43000030517578125 30.170000076293945312 29.909999847412109375 29.6100006103515625 29.309999465942382812 29.010000228881835938 28.700000762939453125 28.399999618530273438 27.809999465942382812 27.20999908447265625 26.6100006103515625 26.010000228881835938 25.409999847412109375 24.950000762939453125 24.489999771118164062 24.030000686645507812
27.719999313354492188 28.1100006103515625 28.5 28.899999618530273438 29.29000091552734375 28.780000686645507812 28.260000228881835938 27.739999771118164062 27.219999313354492188 26.700000762939453125 27.229999542236328125 27.780000686645507812 28.340000152587890625 28.8899993896484375 29.440000534057617188 29.81999969482421875 30.200000762939453125 30.579999923706054688 30.95999908447265625 31.329999923706054688 31.31999969482421875 31.29000091552734375 31.270000457763671875 31.239999771118164062 31.219999313354492188 30.979999542236328125 30.739999771118164062 30.489999771118164062 30.25 30 29.68000030517578125 29.350000381469726562 29.030000686645507812 28.700000762939453125 28.370000839233398438 27.770000457763671875 27.170000076293945312 26.559999465942382812 25.950000762939453125 25.340000152587890625 24.920000076293945312 24.5 24.079999923706054688
28.1100006103515625 28.43000030517578125 28.75 29.06999969482421875 29.3899993896484375 28.899999618530273438 28.399999618530273438 27.899999618530273438 27.399999618530273438 26.899999618530273438 27.420000076293945312 27.969999313354492188 28.510000228881835938 29.059999465942382812 29.600000381469726562 29.940000534057617188 30.270000457763671875 30.6100006103515625 30.940000534057617188 31.270000457763671875 31.270000457763671875 31.270000457763671875 31.260000228881835938 31.25 31.239999771118164062 31.020000457763671875 30.79000091552734375 30.559999465942382812 30.329999923706054688 30.100000381469726562 29.75 29.399999618530273438 29.04000091552734375 28.690000534057617188 28.329999923706054688 27.729999542236328125 27.1100006103515625 26.5 25.879999160766601562 25.260000228881835938 24.879999160766601562 24.510000228881835938 24.129999160766601562
28.5 28.75 29 29.239999771118164062 29.489999771118164062 29.020000457763671875 28.54000091552734375 28.059999465942382812 27.579999923706054688 27.100000381469726562 27.6100006103515625 28.149999618530273438 28.690000534057617188 29.219999313354492188 29.760000228881835938 30.059999465942382812 30.350000381469726562 30.6399993896484375 30.93000030517578125 31.219999313354492188 31.229999542236328125 31.239999771118164062 31.239999771118164062 31.25 31.260000228881835938 31.049999237060546875 30.840000152587890625 30.629999160766601562 30.409999847412109375 30.200000762939453125 29.81999969482421875 29.440000534057617188 29.059999465942382812 28.68000030517578125 28.29000091552734375 27.68000030517578125 27.049999237060546875 26.43000030517578125 25.809999465942382812 25.18000030517578125 24.840000152587890625 24.510000228881835938 24.18000030517578125
28.8899993896484375 29.059999465942382812 29.239999771118164062 29.420000076293945312 29.590000152587890625 29.1399993896484375 28.68000030517578125 28.219999313354492188 27.760000228881835938 27.299999237060546875 27.809999465942382812 28.340000152587890625 28.8600006103515625 29.3899993896484375 29.920000076293945312 30.170000076293945312 30.420000076293945312 30.659999847412109375 30.909999847412109375 31.159999847412109375 31.190000534057617188 31.20999908447265625 31.229999542236328125 31.260000228881835938 31.280000686645507812 31.090000152587890625 30.8899993896484375 30.690000534057617188 30.5 30.299999237060546875 29.899999618530273438 29.489999771118164062 29.079999923706054688 28.670000076293945312 28.25 27.629999160766601562 27 26.370000839233398438 25.739999771118164062 25.100000381469726562 24.809999465942382812 24.520000457763671875 24.239999771118164062
29.280000686645507812 29.379999160766601562 29.489999771118164062 29.590000152587890625 29.690000534057617188 29.260000228881835938 28.81999969482421875 28.379999160766601562 27.940000534057617188 27.5 28 28.520000457763671875 29.04000091552734375 29.559999465942382812 30.079999923706054688 30.29000091552734375 30.489999771118164062 30.690000534057617188 30.899999618530273438 31.100000381469726562 31.1399993896484375 31.18000030517578125 31.219999313354492188 31.260000228881835938 31.299999237060546875 31.120000839233398438 30.940000534057617188 30.760000228881835938 30.579999923706054688 30.399999618530273438 29.969999313354492188 29.530000686645507812 29.090000152587890625 28.649999618530273438 28.219999313354492188 27.579999923706054688 26.940000534057617188 26.299999237060546875 25.659999847412109375 25.030000686645507812 24.770000457763671875 24.530000686645507812 24.29000091552734375
29.45999908447265625 29.5 29.530000686645507812 29.56999969482421875 29.600000381469726562 29.229999542236328125 28.850000381469726562 28.469999313354492188 28.100000381469726562 27.719999313354492188 28.170000076293945312 28.649999618530273438 29.120000839233398438 29.600000381469726562 30.06999969482421875 30.270000457763671875 30.469999313354492188 30.659999847412109375 30.8600006103515625 31.059999465942382812 31.079999923706054688 31.100000381469726562 31.120000839233398438 31.149999618530273438 31.170000076293945312 30.989999771118164062 30.809999465942382812 30.629999160766601562 30.450000762939453125 30.270000457763671875 29.8600006103515625 29.440000534057617188 29.020000457763671875 28.600000381469726562 28.18000030517578125 27.559999465942382812 26.93000030517578125 26.309999465942382812 25.68000030517578125 25.059999465942382812 24.739999771118164062 24.440000534057617188 24.129999160766601562
29.6399993896484375 29.600000381469726562 29.56999969482421875 29.54000091552734375 29.510000228881835938 29.200000762939453125 28.879999160766601562 28.56999969482421875 28.25 27.940000534057617188 28.350000381469726562 28.770000457763671875 29.200000762939453125 29.620000839233398438 30.049999237060546875 30.25 30.440000534057617188 30.629999160766601562 30.829999923706054688 31.020000457763671875 31.020000457763671875 31.020000457763671875 31.030000686645507812 31.030000686645507812 31.030000686645507812 30.850000381469726562 30.670000076293945312 30.489999771118164062 30.309999465942382812 30.129999160766601562 29.739999771118164062 29.340000152587890625 28.940000534057617188 28.54000091552734375 28.129999160766601562 27.530000686645507812 26.920000076293945312 26.31999969482421875 25.70999908447265625 25.100000381469726562 24.719999313354492188 24.350000381469726562 23.969999313354492188
29.809999465942382812 29.70999908447265625 29.6100006103515625 29.510000228881835938 29.409999847412109375 29.159999847412109375 28.909999847412109375 28.659999847412109375 28.409999847412109375 28.149999618530273438 28.520000457763671875 28.899999618530273438 29.280000686645507812 29.649999618530273438 30.030000686645507812 30.219999313354492188 30.409999847412109375 30.600000381469726562 30.79000091552734375 30.979999542236328125 30.95999908447265625 30.940000534057617188 30.93000030517578125 30.909999847412109375 30.8899993896484375 30.70999908447265625 30.530000686645507812 30.350000381469726562 30.170000076293945312 29.989999771118164062 29.620000839233398438 29.239999771118164062 28.8600006103515625 28.469999313354492188 28.090000152587890625 27.510000228881835938 26.920000076293945312 26.31999969482421875 25.729999542236328125 25.1399993896484375 24.690000534057617188 24.25 23.809999465942382812
29.979999542236328125 29.809999465942382812 29.649999618530273438 29.479999542236328125 29.309999465942382812 29.120000839233398438 28.93000030517578125 28.75 28.559999465942382812 28.370000839233398438 28.690000534057617188 29.020000457763671875 29.350000381469726562 29.68000030517578125 30.010000228881835938 30.200000762939453125 30.3899993896484375 30.56999969482421875 30.75 30.940000534057617188 30.899999618530273438 30.870000839233398438 30.829999923706054688 30.79000091552734375 30.75 30.56999969482421875 30.3899993896484375 30.20999908447265625 30.030000686645507812 29.850000381469726562 29.5 29.1399993896484375 28.780000686645507812 28.409999847412109375 28.049999237060546875 27.479999542236328125 26.909999847412109375 26.329999923706054688 25.75 25.18000030517578125 24.670000076293945312 24.159999847412109375 23.649999618530273438
30.149999618530273438 29.920000076293945312 29.68000030517578125 29.450000762939453125 29.20999908447265625 29.079999923706054688 28.95999908447265625 28.840000152587890625 28.70999908447265625 28.590000152587890625 28.8600006103515625 29.149999618530273438 29.43000030517578125 29.70999908447265625 29.989999771118164062 30.18000030517578125 30.3600006103515625 30.54000091552734375 30.719999313354492188 30.899999618530273438 30.840000152587890625 30.79000091552734375 30.729999542236328125 30.670000076293945312 30.6100006103515625 30.43000030517578125 30.25 30.06999969482421875 29.8899993896484375 29.70999908447265625 29.379999160766601562 29.04000091552734375 28.690000534057617188 28.350000381469726562 28.010000228881835938 27.45999908447265625 26.899999618530273438 26.340000152587890625 25.780000686645507812 25.219999313354492188 24.6399993896484375 24.059999465942382812 23.489999771118164062
