DatosClimaticos/DatosMaxEnt/2023/BIO5_2023.asc
ncols        206
nrows        206
xllcorner    -76.208333333333
yllcorner    4.492353333333
cellsize     0.008330000000
NODATA_value -9999
[rows 76 to 94 of 206, columns 129 to 171 of 206]
30.06999969482421875 29.969999313354492188 29.870000839233398438 29.770000457763671875 29.3600006103515625 28.93000030517578125 28.5 28.090000152587890625 27.690000534057617188 27.70999908447265625 27.75 27.79000091552734375 27.840000152587890625 27.879999160766601562 28.329999923706054688 28.799999237060546875 29.280000686645507812 29.760000228881835938 30.229999542236328125 30.56999969482421875 30.899999618530273438 31.229999542236328125 31.559999465942382812 31.909999847412109375 32.1100006103515625 32.299999237060546875 32.490001678466796875 32.68000030517578125 32.8600006103515625 33.159999847412109375 33.470001220703125 33.770000457763671875 34.06999969482421875 34.380001068115234375 34.59999847412109375 34.81999969482421875 35.04000091552734375 35.259998321533203125 35.490001678466796875 35.590000152587890625 35.68000030517578125 35.770000457763671875 35.8600006103515625
30.170000076293945312 29.950000762939453125 29.739999771118164062 29.520000457763671875 29.06999969482421875 28.6100006103515625 28.170000076293945312 27.75 27.329999923706054688 27.420000076293945312 27.54000091552734375 27.659999847412109375 27.780000686645507812 27.8899993896484375 28.329999923706054688 28.79000091552734375 29.25 29.70999908447265625 30.170000076293945312 30.559999465942382812 30.940000534057617188 31.309999465942382812 31.690000534057617188 32.06999969482421875 32.259998321533203125 32.439998626708984375 32.619998931884765625 32.799999237060546875 32.979999542236328125 33.279998779296875 33.5800018310546875 33.880001068115234375 34.18000030517578125 34.479999542236328125 34.68000030517578125 34.880001068115234375 35.090000152587890625 35.29000091552734375 35.490001678466796875 35.590000152587890625 35.689998626708984375 35.79000091552734375 35.8899993896484375
29.79000091552734375 29.440000534057617188 29.079999923706054688 28.719999313354492188 28.350000381469726562 27.979999542236328125 27.6399993896484375 27.29000091552734375 26.950000762939453125 27.129999160766601562 27.329999923706054688 27.54000091552734375 27.739999771118164062 27.950000762939453125 28.399999618530273438 28.8600006103515625 29.31999969482421875 29.79000091552734375 30.25 30.620000839233398438 30.989999771118164062 31.3600006103515625 31.729999542236328125 32.09999847412109375 32.279998779296875 32.450000762939453125 32.6100006103515625 32.779998779296875 32.950000762939453125 33.25 33.560001373291015625 33.880001068115234375 34.189998626708984375 34.5 34.70999908447265625 34.9199981689453125 35.130001068115234375 35.340000152587890625 35.54000091552734375 35.6399993896484375 35.729999542236328125 35.81999969482421875 35.909999847412109375
29.399999618530273438 28.899999618530273438 28.409999847412109375 27.909999847412109375 27.620000839233398438 27.350000381469726562 27.090000152587890625 26.829999923706054688 26.56999969482421875 26.829999923706054688 27.120000839233398438 27.420000076293945312 27.70999908447265625 28 28.45999908447265625 28.93000030517578125 29.3899993896484375 29.8600006103515625 30.329999923706054688 30.690000534057617188 31.049999237060546875 31.409999847412109375 31.760000228881835938 32.119998931884765625 32.29000091552734375 32.439998626708984375 32.59999847412109375 32.759998321533203125 32.909999847412109375 33.220001220703125 33.549999237060546875 33.869998931884765625 34.189998626708984375 34.520000457763671875 34.740001678466796875 34.95999908447265625 35.1699981689453125 35.3899993896484375 35.59999847412109375 35.689998626708984375 35.770000457763671875 35.840000152587890625 35.9199981689453125
29.010000228881835938 28.370000839233398438 27.739999771118164062 27.120000839233398438 26.909999847412109375 26.729999542236328125 26.549999237060546875 26.3600006103515625 26.18000030517578125 26.530000686645507812 26.909999847412109375 27.29000091552734375 27.68000030517578125 28.059999465942382812 28.520000457763671875 28.989999771118164062 29.469999313354492188 29.940000534057617188 30.409999847412109375 30.760000228881835938 31.1100006103515625 31.450000762939453125 31.79000091552734375 32.1399993896484375 32.299999237060546875 32.450000762939453125 32.590000152587890625 32.740001678466796875 32.8899993896484375 33.200000762939453125 33.529998779296875 33.869998931884765625 34.200000762939453125 34.54000091552734375 34.770000457763671875 34.990001678466796875 35.220001220703125 35.439998626708984375 35.659999847412109375 35.740001678466796875 35.799999237060546875 35.869998931884765625 35.93000030517578125
28.6100006103515625 27.840000152587890625 27.090000152587890625 26.340000152587890625 26.20999908447265625 26.1100006103515625 26 25.899999618530273438 25.799999237060546875 26.239999771118164062 26.700000762939453125 27.170000076293945312 27.6399993896484375 28.1100006103515625 28.590000152587890625 29.059999465942382812 29.54000091552734375 30.010000228881835938 30.489999771118164062 30.829999923706054688 31.159999847412109375 31.489999771118164062 31.829999923706054688 32.159999847412109375 32.310001373291015625 32.45999908447265625 32.59999847412109375 32.75 32.8899993896484375 33.189998626708984375 33.509998321533203125 33.8600006103515625 34.20999908447265625 34.560001373291015625 34.799999237060546875 35.029998779296875 35.259998321533203125 35.490001678466796875 35.720001220703125 35.79000091552734375 35.840000152587890625 35.8899993896484375 35.939998626708984375
28.219999313354492188 27.31999969482421875 26.450000762939453125 25.56999969482421875 25.5 25.479999542236328125 25.45999908447265625 25.440000534057617188 25.409999847412109375 25.940000534057617188 26.5 27.049999237060546875 27.6100006103515625 28.170000076293945312 28.649999618530273438 29.129999160766601562 29.6100006103515625 30.090000152587890625 30.56999969482421875 30.899999618530273438 31.219999313354492188 31.54000091552734375 31.8600006103515625 32.18000030517578125 32.3300018310546875 32.470001220703125 32.6100006103515625 32.75 32.8899993896484375 33.200000762939453125 33.520000457763671875 33.8600006103515625 34.220001220703125 34.5800018310546875 34.81999969482421875 35.060001373291015625 35.299999237060546875 35.54000091552734375 35.779998779296875 35.840000152587890625 35.880001068115234375 35.9199981689453125 35.95999908447265625
27.6100006103515625 26.780000686645507812 25.950000762939453125 25.120000839233398438 25.1100006103515625 25.159999847412109375 25.200000762939453125 25.239999771118164062 25.280000686645507812 25.809999465942382812 26.3600006103515625 26.909999847412109375 27.45999908447265625 28.010000228881835938 28.549999237060546875 29.079999923706054688 29.620000839233398438 30.149999618530273438 30.68000030517578125 30.969999313354492188 31.229999542236328125 31.5 31.760000228881835938 32.029998779296875 32.20999908447265625 32.380001068115234375 32.549999237060546875 32.720001220703125 32.8899993896484375 33.20999908447265625 33.529998779296875 33.8899993896484375 34.259998321533203125 34.630001068115234375 34.880001068115234375 35.1100006103515625 35.340000152587890625 35.56999969482421875 35.799999237060546875 35.84999847412109375 35.869998931884765625 35.90000152587890625 35.93000030517578125
27.010000228881835938 26.229999542236328125 25.450000762939453125 24.68000030517578125 24.739999771118164062 24.840000152587890625 24.950000762939453125 25.049999237060546875 25.159999847412109375 25.68000030517578125 26.219999313354492188 26.770000457763671875 27.309999465942382812 27.850000381469726562 28.440000534057617188 29.030000686645507812 29.620000839233398438 30.20999908447265625 30.799999237060546875 31.030000686645507812 31.239999771118164062 31.450000762939453125 31.659999847412109375 31.870000839233398438 32.0800018310546875 32.279998779296875 32.479999542236328125 32.68000030517578125 32.8899993896484375 33.20999908447265625 33.549999237060546875 33.93000030517578125 34.310001373291015625 34.689998626708984375 34.93000030517578125 35.15000152587890625 35.380001068115234375 35.59999847412109375 35.81999969482421875 35.84999847412109375 35.869998931884765625 35.8899993896484375 35.90000152587890625
26.409999847412109375 25.68000030517578125 24.95999908447265625 24.229999542236328125 24.3600006103515625 24.530000686645507812 24.700000762939453125 24.870000839233398438 25.030000686645507812 25.549999237060546875 26.090000152587890625 26.620000839233398438 27.159999847412109375 27.690000534057617188 28.329999923706054688 28.979999542236328125 29.629999160766601562 30.270000457763671875 30.920000076293945312 31.100000381469726562 31.25 31.409999847412109375 31.559999465942382812 31.719999313354492188 31.950000762939453125 32.18000030517578125 32.4199981689453125 32.65000152587890625 32.8899993896484375 33.220001220703125 33.56999969482421875 33.95999908447265625 34.3600006103515625 34.75 34.979999542236328125 35.200000762939453125 35.409999847412109375 35.630001068115234375 35.840000152587890625 35.8600006103515625 35.869998931884765625 35.869998931884765625 35.880001068115234375
25.809999465942382812 25.1399993896484375 24.45999908447265625 23.79000091552734375 23.979999542236328125 24.20999908447265625 24.440000534057617188 24.68000030517578125 24.909999847412109375 25.420000076293945312 25.950000762939453125 26.479999542236328125 27.010000228881835938 27.54000091552734375 28.229999542236328125 28.93000030517578125 29.629999160766601562 30.329999923706054688 31.030000686645507812 31.170000076293945312 31.270000457763671875 31.3600006103515625 31.45999908447265625 31.559999465942382812 31.81999969482421875 32.0800018310546875 32.34999847412109375 32.619998931884765625 32.880001068115234375 33.229999542236328125 33.590000152587890625 34 34.40000152587890625 34.810001373291015625 35.029998779296875 35.240001678466796875 35.450000762939453125 35.659999847412109375 35.869998931884765625 35.869998931884765625 35.8600006103515625 35.8600006103515625 35.84999847412109375
25.20999908447265625 24.590000152587890625 23.969999313354492188 23.350000381469726562 23.600000381469726562 23.8899993896484375 24.190000534057617188 24.489999771118164062 24.79000091552734375 25.299999237060546875 25.81999969482421875 26.340000152587890625 26.8600006103515625 27.379999160766601562 28.120000839233398438 28.879999160766601562 29.6399993896484375 30.3899993896484375 31.149999618530273438 31.239999771118164062 31.280000686645507812 31.31999969482421875 31.3600006103515625 31.399999618530273438 31.690000534057617188 31.979999542236328125 32.279998779296875 32.5800018310546875 32.880001068115234375 33.240001678466796875 33.6100006103515625 34.029998779296875 34.450000762939453125 34.869998931884765625 35.090000152587890625 35.29000091552734375 35.490001678466796875 35.689998626708984375 35.8899993896484375 35.880001068115234375 35.8600006103515625 35.840000152587890625 35.81999969482421875
24.440000534057617188 24.049999237060546875 23.670000076293945312 23.280000686645507812 23.559999465942382812 23.879999160766601562 24.190000534057617188 24.510000228881835938 24.81999969482421875 25.29000091552734375 25.760000228881835938 26.229999542236328125 26.70999908447265625 27.18000030517578125 27.8899993896484375 28.620000839233398438 29.350000381469726562 30.079999923706054688 30.809999465942382812 30.95999908447265625 31.06999969482421875 31.190000534057617188 31.299999237060546875 31.409999847412109375 31.690000534057617188 31.969999313354492188 32.259998321533203125 32.54000091552734375 32.81999969482421875 33.189998626708984375 33.590000152587890625 34.020000457763671875 34.439998626708984375 34.869998931884765625 35.06999969482421875 35.259998321533203125 35.439998626708984375 35.630001068115234375 35.810001373291015625 35.810001373291015625 35.799999237060546875 35.79000091552734375 35.770000457763671875
23.649999618530273438 23.510000228881835938 23.370000839233398438 23.229999542236328125 23.54000091552734375 23.870000839233398438 24.200000762939453125 24.530000686645507812 24.8600006103515625 25.280000686645507812 25.70999908447265625 26.129999160766601562 26.559999465942382812 26.979999542236328125 27.659999847412109375 28.3600006103515625 29.059999465942382812 29.75 30.450000762939453125 30.670000076293945312 30.8600006103515625 31.049999237060546875 31.239999771118164062 31.43000030517578125 31.690000534057617188 31.95999908447265625 32.229999542236328125 32.5 32.770000457763671875 33.1399993896484375 33.56999969482421875 34 34.439998626708984375 34.869998931884765625 35.060001373291015625 35.229999542236328125 35.3899993896484375 35.560001373291015625 35.729999542236328125 35.740001678466796875 35.729999542236328125 35.729999542236328125 35.729999542236328125
22.870000839233398438 22.969999313354492188 23.06999969482421875 23.18000030517578125 23.510000228881835938 23.8600006103515625 24.200000762939453125 24.549999237060546875 24.899999618530273438 25.280000686645507812 25.649999618530273438 26.030000686645507812 26.409999847412109375 26.79000091552734375 27.43000030517578125 28.100000381469726562 28.760000228881835938 29.43000030517578125 30.090000152587890625 30.379999160766601562 30.649999618530273438 30.909999847412109375 31.18000030517578125 31.440000534057617188 31.700000762939453125 31.950000762939453125 32.200000762939453125 32.450000762939453125 32.70999908447265625 33.09999847412109375 33.54000091552734375 33.979999542236328125 34.43000030517578125 34.869998931884765625 35.04000091552734375 35.200000762939453125 35.34999847412109375 35.5 35.65000152587890625 35.6699981689453125 35.6699981689453125 35.6699981689453125 35.68000030517578125
22.079999923706054688 22.43000030517578125 22.780000686645507812 23.120000839233398438 23.489999771118164062 23.850000381469726562 24.20999908447265625 24.579999923706054688 24.940000534057617188 25.270000457763671875 25.600000381469726562 25.93000030517578125 26.260000228881835938 26.590000152587890625 27.200000762939453125 27.840000152587890625 28.469999313354492188 29.100000381469726562 29.739999771118164062 30.090000152587890625 30.440000534057617188 30.780000686645507812 31.120000839233398438 31.45999908447265625 31.700000762939453125 31.940000534057617188 32.1699981689453125 32.409999847412109375 32.65000152587890625 33.060001373291015625 33.520000457763671875 33.970001220703125 34.4199981689453125 34.869998931884765625 35.029998779296875 35.159999847412109375 35.299999237060546875 35.439998626708984375 35.56999969482421875 35.590000152587890625 35.6100006103515625 35.619998931884765625 35.630001068115234375
21.299999237060546875 21.8899993896484375 22.479999542236328125 23.06999969482421875 23.45999908447265625 23.840000152587890625 24.219999313354492188 24.600000381469726562 24.979999542236328125 25.260000228881835938 25.549999237060546875 25.829999923706054688 26.1100006103515625 26.3899993896484375 26.969999313354492188 27.579999923706054688 28.18000030517578125 28.780000686645507812 29.379999160766601562 29.809999465942382812 30.219999313354492188 30.6399993896484375 31.059999465942382812 31.469999313354492188 31.70999908447265625 31.93000030517578125 32.15000152587890625 32.369998931884765625 32.590000152587890625 33.029998779296875 33.490001678466796875 33.950000762939453125 34.409999847412109375 34.869998931884765625 35.009998321533203125 35.130001068115234375 35.25 35.369998931884765625 35.490001678466796875 35.520000457763671875 35.54000091552734375 35.560001373291015625 35.5800018310546875
21.45999908447265625 22.020000457763671875 22.590000152587890625 23.149999618530273438 23.56999969482421875 23.979999542236328125 24.399999618530273438 24.809999465942382812 25.229999542236328125 25.450000762939453125 25.649999618530273438 25.8600006103515625 26.06999969482421875 26.29000091552734375 26.829999923706054688 27.399999618530273438 27.979999542236328125 28.559999465942382812 29.129999160766601562 29.600000381469726562 30.06999969482421875 30.530000686645507812 30.989999771118164062 31.450000762939453125 31.700000762939453125 31.940000534057617188 32.1699981689453125 32.409999847412109375 32.6399993896484375 33.06999969482421875 33.509998321533203125 33.950000762939453125 34.3899993896484375 34.8300018310546875 34.93000030517578125 35.009998321533203125 35.090000152587890625 35.1699981689453125 35.240001678466796875 35.299999237060546875 35.3600006103515625 35.4199981689453125 35.479999542236328125
21.670000076293945312 22.190000534057617188 22.70999908447265625 23.229999542236328125 23.68000030517578125 24.129999160766601562 24.579999923706054688 25.030000686645507812 25.489999771118164062 25.629999160766601562 25.760000228881835938 25.899999618530273438 26.04000091552734375 26.200000762939453125 26.690000534057617188 27.239999771118164062 27.79000091552734375 28.340000152587890625 28.899999618530273438 29.409999847412109375 29.909999847412109375 30.420000076293945312 30.920000076293945312 31.43000030517578125 31.700000762939453125 31.950000762939453125 32.200000762939453125 32.450000762939453125 32.700000762939453125 33.1100006103515625 33.529998779296875 33.950000762939453125 34.369998931884765625 34.79000091552734375 34.84999847412109375 34.8899993896484375 34.9199981689453125 34.950000762939453125 34.990001678466796875 35.0800018310546875 35.18000030517578125 35.279998779296875 35.380001068115234375
