DatosClimaticos/DatosMaxEnt/2023/BIO5_2023.asc
ncols        206
nrows        206
xllcorner    -76.208333333333
yllcorner    4.492353333333
cellsize     0.008330000000
NODATA_value -9999
[rows 133 to 151 of 206, columns 129 to 171 of 206]
24.870000839233398438 25.1399993896484375 25.399999618530273438 25.659999847412109375 25.75 25.829999923706054688 25.899999618530273438 25.979999542236328125 26.059999465942382812 26.190000534057617188 26.329999923706054688 26.469999313354492188 26.6100006103515625 26.739999771118164062 27.1100006103515625 27.479999542236328125 27.8600006103515625 28.280000686645507812 28.70999908447265625 29.29000091552734375 29.870000839233398438 30.45999908447265625 31.049999237060546875 31.659999847412109375 32.229999542236328125 32.799999237060546875 33.380001068115234375 33.950000762939453125 34.520000457763671875 34.520000457763671875 34.479999542236328125 34.450000762939453125 34.409999847412109375 34.369998931884765625 34.40000152587890625 34.439998626708984375 34.479999542236328125 34.509998321533203125 34.549999237060546875 34.590000152587890625 34.619998931884765625 34.659999847412109375 34.700000762939453125
24.719999313354492188 24.920000076293945312 25.120000839233398438 25.329999923706054688 25.409999847412109375 25.479999542236328125 25.549999237060546875 25.620000839233398438 25.700000762939453125 25.93000030517578125 26.170000076293945312 26.409999847412109375 26.659999847412109375 26.899999618530273438 27.260000228881835938 27.629999160766601562 28.010000228881835938 28.43000030517578125 28.850000381469726562 29.409999847412109375 29.989999771118164062 30.56999969482421875 31.149999618530273438 31.760000228881835938 32.31999969482421875 32.8899993896484375 33.450000762939453125 34.020000457763671875 34.5800018310546875 34.59999847412109375 34.590000152587890625 34.5800018310546875 34.560001373291015625 34.549999237060546875 34.5800018310546875 34.6100006103515625 34.6399993896484375 34.68000030517578125 34.70999908447265625 34.720001220703125 34.740001678466796875 34.75 34.759998321533203125
24.559999465942382812 24.700000762939453125 24.850000381469726562 24.989999771118164062 25.059999465942382812 25.129999160766601562 25.200000762939453125 25.270000457763671875 25.340000152587890625 25.670000076293945312 26.010000228881835938 26.3600006103515625 26.70999908447265625 27.049999237060546875 27.420000076293945312 27.79000091552734375 28.18000030517578125 28.579999923706054688 28.989999771118164062 29.54000091552734375 30.1100006103515625 30.670000076293945312 31.260000228881835938 31.8600006103515625 32.4199981689453125 32.970001220703125 33.529998779296875 34.090000152587890625 34.6399993896484375 34.689998626708984375 34.700000762939453125 34.70999908447265625 34.720001220703125 34.729999542236328125 34.759998321533203125 34.779998779296875 34.810001373291015625 34.840000152587890625 34.869998931884765625 34.8600006103515625 34.84999847412109375 34.840000152587890625 34.8300018310546875
24.399999618530273438 24.489999771118164062 24.56999969482421875 24.649999618530273438 24.719999313354492188 24.780000686645507812 24.850000381469726562 24.909999847412109375 24.979999542236328125 25.409999847412109375 25.8600006103515625 26.309999465942382812 26.760000228881835938 27.20999908447265625 27.56999969482421875 27.950000762939453125 28.340000152587890625 28.739999771118164062 29.129999160766601562 29.670000076293945312 30.219999313354492188 30.780000686645507812 31.370000839233398438 31.95999908447265625 32.509998321533203125 33.060001373291015625 33.6100006103515625 34.15000152587890625 34.700000762939453125 34.770000457763671875 34.799999237060546875 34.840000152587890625 34.869998931884765625 34.909999847412109375 34.93000030517578125 34.95999908447265625 34.979999542236328125 35.009998321533203125 35.029998779296875 35 34.970001220703125 34.950000762939453125 34.939998626708984375
24.25 24.270000457763671875 24.29000091552734375 24.31999969482421875 24.379999160766601562 24.440000534057617188 24.5 24.559999465942382812 24.620000839233398438 25.1399993896484375 25.700000762939453125 26.25 26.809999465942382812 27.3600006103515625 27.75 28.129999160766601562 28.510000228881835938 28.8899993896484375 29.270000457763671875 29.799999237060546875 30.340000152587890625 30.899999618530273438 31.479999542236328125 32.060001373291015625 32.59999847412109375 33.1399993896484375 33.68000030517578125 34.220001220703125 34.759998321533203125 34.84999847412109375 34.909999847412109375 34.970001220703125 35.029998779296875 35.090000152587890625 35.1100006103515625 35.130001068115234375 35.15000152587890625 35.1699981689453125 35.189998626708984375 35.15000152587890625 35.1100006103515625 35.0800018310546875 35.04000091552734375
24.059999465942382812 24.149999618530273438 24.229999542236328125 24.309999465942382812 24.370000839233398438 24.420000076293945312 24.469999313354492188 24.530000686645507812 24.579999923706054688 25.090000152587890625 25.629999160766601562 26.159999847412109375 26.700000762939453125 27.25 27.690000534057617188 28.1100006103515625 28.54000091552734375 28.95999908447265625 29.3899993896484375 29.920000076293945312 30.45999908447265625 31.030000686645507812 31.600000381469726562 32.18000030517578125 32.700000762939453125 33.220001220703125 33.740001678466796875 34.270000457763671875 34.79000091552734375 34.8600006103515625 34.909999847412109375 34.95999908447265625 35.009998321533203125 35.060001373291015625 35.0800018310546875 35.1100006103515625 35.130001068115234375 35.159999847412109375 35.18000030517578125 35.1399993896484375 35.09999847412109375 35.060001373291015625 35.020000457763671875
23.870000839233398438 24.030000686645507812 24.18000030517578125 24.329999923706054688 24.379999160766601562 24.43000030517578125 24.469999313354492188 24.510000228881835938 24.559999465942382812 25.049999237060546875 25.559999465942382812 26.06999969482421875 26.590000152587890625 27.1399993896484375 27.6100006103515625 28.090000152587890625 28.559999465942382812 29.030000686645507812 29.510000228881835938 30.04000091552734375 30.579999923706054688 31.149999618530273438 31.729999542236328125 32.299999237060546875 32.799999237060546875 33.299999237060546875 33.810001373291015625 34.310001373291015625 34.810001373291015625 34.869998931884765625 34.909999847412109375 34.950000762939453125 34.979999542236328125 35.020000457763671875 35.049999237060546875 35.0800018310546875 35.09999847412109375 35.130001068115234375 35.159999847412109375 35.119998931884765625 35.0800018310546875 35.04000091552734375 35
23.690000534057617188 23.909999847412109375 24.129999160766601562 24.350000381469726562 24.3899993896484375 24.43000030517578125 24.469999313354492188 24.5 24.54000091552734375 25 25.489999771118164062 25.979999542236328125 26.489999771118164062 27.020000457763671875 27.54000091552734375 28.059999465942382812 28.579999923706054688 29.100000381469726562 29.620000839233398438 30.159999847412109375 30.70999908447265625 31.280000686645507812 31.850000381469726562 32.4199981689453125 32.90000152587890625 33.3899993896484375 33.869998931884765625 34.34999847412109375 34.8300018310546875 34.880001068115234375 34.909999847412109375 34.93000030517578125 34.95999908447265625 34.979999542236328125 35.009998321533203125 35.04000091552734375 35.0800018310546875 35.1100006103515625 35.1399993896484375 35.09999847412109375 35.060001373291015625 35.020000457763671875 34.979999542236328125
23.5 23.79000091552734375 24.079999923706054688 24.3600006103515625 24.409999847412109375 24.43000030517578125 24.45999908447265625 24.489999771118164062 24.520000457763671875 24.95999908447265625 25.43000030517578125 25.8899993896484375 26.3899993896484375 26.899999618530273438 27.45999908447265625 28.030000686645507812 28.600000381469726562 29.170000076293945312 29.739999771118164062 30.280000686645507812 30.850000381469726562 31.409999847412109375 31.969999313354492188 32.54000091552734375 33.009998321533203125 33.470001220703125 33.93000030517578125 34.3899993896484375 34.84999847412109375 34.8899993896484375 34.90000152587890625 34.9199981689453125 34.93000030517578125 34.939998626708984375 34.979999542236328125 35.009998321533203125 35.049999237060546875 35.0800018310546875 35.119998931884765625 35.0800018310546875 35.04000091552734375 35 34.95999908447265625
23.309999465942382812 23.670000076293945312 24.020000457763671875 24.379999160766601562 24.420000076293945312 24.440000534057617188 24.45999908447265625 24.479999542236328125 24.5 24.920000076293945312 25.3600006103515625 25.81999969482421875 26.299999237060546875 26.780000686645507812 27.3899993896484375 28.010000228881835938 28.620000839233398438 29.239999771118164062 29.8600006103515625 30.420000076293945312 30.979999542236328125 31.54000091552734375 32.09999847412109375 32.659999847412109375 33.1100006103515625 33.549999237060546875 33.990001678466796875 34.43000030517578125 34.869998931884765625 34.90000152587890625 34.90000152587890625 34.90000152587890625 34.90000152587890625 34.90000152587890625 34.939998626708984375 34.979999542236328125 35.020000457763671875 35.060001373291015625 35.09999847412109375 35.060001373291015625 35.020000457763671875 34.979999542236328125 34.939998626708984375
23.170000076293945312 23.6100006103515625 24.049999237060546875 24.489999771118164062 24.56999969482421875 24.6399993896484375 24.70999908447265625 24.770000457763671875 24.840000152587890625 25.20999908447265625 25.600000381469726562 26.020000457763671875 26.450000762939453125 26.870000839233398438 27.450000762939453125 28.049999237060546875 28.6399993896484375 29.229999542236328125 29.829999923706054688 30.3899993896484375 30.969999313354492188 31.549999237060546875 32.119998931884765625 32.700000762939453125 33.1399993896484375 33.56999969482421875 34 34.43000030517578125 34.84999847412109375 34.880001068115234375 34.880001068115234375 34.880001068115234375 34.880001068115234375 34.880001068115234375 34.9199981689453125 34.970001220703125 35.009998321533203125 35.049999237060546875 35.09999847412109375 35.06999969482421875 35.029998779296875 34.990001678466796875 34.95999908447265625
23.04000091552734375 23.559999465942382812 24.079999923706054688 24.6100006103515625 24.739999771118164062 24.850000381469726562 24.969999313354492188 25.079999923706054688 25.190000534057617188 25.520000457763671875 25.879999160766601562 26.25 26.6100006103515625 26.969999313354492188 27.530000686645507812 28.090000152587890625 28.659999847412109375 29.219999313354492188 29.79000091552734375 30.350000381469726562 30.950000762939453125 31.54000091552734375 32.1399993896484375 32.740001678466796875 33.1699981689453125 33.590000152587890625 34 34.4199981689453125 34.8300018310546875 34.8600006103515625 34.8600006103515625 34.8600006103515625 34.8600006103515625 34.8600006103515625 34.909999847412109375 34.950000762939453125 35 35.049999237060546875 35.09999847412109375 35.06999969482421875 35.04000091552734375 35.009998321533203125 34.970001220703125
22.899999618530273438 23.510000228881835938 24.1100006103515625 24.719999313354492188 24.909999847412109375 25.06999969482421875 25.239999771118164062 25.399999618530273438 25.56999969482421875 25.8600006103515625 26.170000076293945312 26.469999313354492188 26.770000457763671875 27.079999923706054688 27.600000381469726562 28.1399993896484375 28.68000030517578125 29.20999908447265625 29.75 30.31999969482421875 30.920000076293945312 31.54000091552734375 32.159999847412109375 32.779998779296875 33.200000762939453125 33.59999847412109375 34.009998321533203125 34.409999847412109375 34.81999969482421875 34.840000152587890625 34.840000152587890625 34.840000152587890625 34.840000152587890625 34.840000152587890625 34.8899993896484375 34.939998626708984375 34.990001678466796875 35.04000091552734375 35.09999847412109375 35.06999969482421875 35.049999237060546875 35.020000457763671875 34.990001678466796875
22.760000228881835938 23.450000762939453125 24.149999618530273438 24.840000152587890625 25.079999923706054688 25.299999237060546875 25.520000457763671875 25.739999771118164062 25.95999908447265625 26.20999908447265625 26.450000762939453125 26.690000534057617188 26.940000534057617188 27.18000030517578125 27.670000076293945312 28.18000030517578125 28.690000534057617188 29.200000762939453125 29.70999908447265625 30.29000091552734375 30.899999618530273438 31.54000091552734375 32.18000030517578125 32.81999969482421875 33.229999542236328125 33.619998931884765625 34.009998321533203125 34.40000152587890625 34.799999237060546875 34.81999969482421875 34.81999969482421875 34.81999969482421875 34.81999969482421875 34.81999969482421875 34.869998931884765625 34.93000030517578125 34.979999542236328125 35.04000091552734375 35.09999847412109375 35.0800018310546875 35.049999237060546875 35.029998779296875 35
22.629999160766601562 23.399999618530273438 24.18000030517578125 24.950000762939453125 25.25 25.530000686645507812 25.809999465942382812 26.079999923706054688 26.3600006103515625 26.549999237060546875 26.729999542236328125 26.920000076293945312 27.100000381469726562 27.280000686645507812 27.75 28.229999542236328125 28.70999908447265625 29.190000534057617188 29.670000076293945312 30.270000457763671875 30.879999160766601562 31.54000091552734375 32.200000762939453125 32.8600006103515625 33.25 33.6399993896484375 34.020000457763671875 34.40000152587890625 34.779998779296875 34.799999237060546875 34.799999237060546875 34.799999237060546875 34.799999237060546875 34.799999237060546875 34.8600006103515625 34.9199981689453125 34.979999542236328125 35.04000091552734375 35.09999847412109375 35.0800018310546875 35.060001373291015625 35.04000091552734375 35.020000457763671875
22.590000152587890625 23.350000381469726562 24.120000839233398438 24.879999160766601562 25.170000076293945312 25.43000030517578125 25.68000030517578125 25.940000534057617188 26.200000762939453125 26.409999847412109375 26.629999160766601562 26.840000152587890625 27.059999465942382812 27.270000457763671875 27.70999908447265625 28.159999847412109375 28.620000839233398438 29.06999969482421875 29.520000457763671875 30.159999847412109375 30.81999969482421875 31.520000457763671875 32.229999542236328125 32.93000030517578125 33.31999969482421875 33.68000030517578125 34.049999237060546875 34.409999847412109375 34.779998779296875 34.799999237060546875 34.799999237060546875 34.799999237060546875 34.799999237060546875 34.799999237060546875 34.84999847412109375 34.909999847412109375 34.95999908447265625 35.020000457763671875 35.0800018310546875 35.06999969482421875 35.049999237060546875 35.029998779296875 35.020000457763671875
22.559999465942382812 23.309999465942382812 24.059999465942382812 24.809999465942382812 25.06999969482421875 25.299999237060546875 25.530000686645507812 25.770000457763671875 26 26.25 26.5 26.75 27 27.25 27.659999847412109375 28.090000152587890625 28.510000228881835938 28.940000534057617188 29.3600006103515625 30.04000091552734375 30.75 31.5 32.259998321533203125 33.009998321533203125 33.380001068115234375 33.729999542236328125 34.0800018310546875 34.43000030517578125 34.779998779296875 34.799999237060546875 34.799999237060546875 34.799999237060546875 34.799999237060546875 34.799999237060546875 34.84999847412109375 34.90000152587890625 34.950000762939453125 35.009998321533203125 35.060001373291015625 35.049999237060546875 35.04000091552734375 35.029998779296875 35.009998321533203125
22.530000686645507812 23.260000228881835938 23.989999771118164062 24.729999542236328125 24.95999908447265625 25.170000076293945312 25.379999160766601562 25.590000152587890625 25.799999237060546875 26.079999923706054688 26.370000839233398438 26.649999618530273438 26.940000534057617188 27.219999313354492188 27.620000839233398438 28.010000228881835938 28.409999847412109375 28.809999465942382812 29.20999908447265625 29.93000030517578125 30.68000030517578125 31.479999542236328125 32.29000091552734375 33.090000152587890625 33.450000762939453125 33.779998779296875 34.1100006103515625 34.450000762939453125 34.779998779296875 34.799999237060546875 34.799999237060546875 34.799999237060546875 34.799999237060546875 34.799999237060546875 34.84999847412109375 34.8899993896484375 34.939998626708984375 34.990001678466796875 35.04000091552734375 35.029998779296875 35.029998779296875 35.020000457763671875 35.009998321533203125
22.5 23.20999908447265625 23.93000030517578125 24.649999618530273438 24.8600006103515625 25.049999237060546875 25.229999542236328125 25.420000076293945312 25.600000381469726562 25.920000076293945312 26.239999771118164062 26.559999465942382812 26.879999160766601562 27.200000762939453125 27.56999969482421875 27.940000534057617188 28.309999465942382812 28.68000030517578125 29.049999237060546875 29.809999465942382812 30.620000839233398438 31.469999313354492188 32.310001373291015625 33.159999847412109375 33.509998321533203125 33.8300018310546875 34.15000152587890625 34.45999908447265625 34.779998779296875 34.799999237060546875 34.799999237060546875 34.799999237060546875 34.799999237060546875 34.799999237060546875 34.840000152587890625 34.8899993896484375 34.93000030517578125 34.970001220703125 35.020000457763671875 35.020000457763671875 35.009998321533203125 35.009998321533203125 35
