DatosClimaticos/DatosMaxEnt/2023/BIO6_2023.asc
ncols        206
nrows        206
xllcorner    -76.208333333333
yllcorner    4.492353333333
cellsize     0.008330000000
NODATA_value -9999
[rows 114 to 132 of 206, columns 86 to 128 of 206]
12.960000038146972656 12.720000267028808594 12.229999542236328125 11.739999771118164062 11.25 10.760000228881835938 10.270000457763671875 9.5399999618530273438 8.8100004196166992188 8.0799999237060546875 7.3499999046325683594 6.6199998855590820312 6.2699999809265136719 5.9400000572204589844 5.6100001335144042969 5.2800002098083496094 4.9400000572204589844 5.2800002098083496094 5.6399998664855957031 6 6.3699998855590820312 6.7300000190734863281 7.1399998664855957031 7.5599999427795410156 7.9699997901916503906 8.3900003433227539062 8.8000001907348632812 8.6899995803833007812 8.5399999618530273438 8.3999996185302734375 8.2600002288818359375 8.1199998855590820312 8.6099996566772460938 9.1300001144409179688 9.6499996185302734375 10.18000030517578125 10.699999809265136719 11.189999580383300781 11.670000076293945312 12.159999847412109375 12.640000343322753906 13.130000114440917969 13.5
12.800000190734863281 12.520000457763671875 12.039999961853027344 11.550000190734863281 11.060000419616699219 10.56999969482421875 10.090000152587890625 9.3500003814697265625 8.6000003814697265625 7.8600001335144042969 7.1100001335144042969 6.3600001335144042969 6.0199999809265136719 5.6900000572204589844 5.3600001335144042969 5.0300002098083496094 4.6999998092651367188 5.0700001716613769531 5.4600000381469726562 5.8600001335144042969 6.25 6.6500000953674316406 7.0700001716613769531 7.4899997711181640625 7.9200000762939453125 8.340000152587890625 8.7600002288818359375 8.770000457763671875 8.7600002288818359375 8.75 8.7399997711181640625 8.729999542236328125 9.1700000762939453125 9.6300001144409179688 10.100000381469726562 10.560000419616699219 11.020000457763671875 11.479999542236328125 11.939999580383300781 12.390000343322753906 12.850000381469726562 13.310000419616699219 13.670000076293945312
12.640000343322753906 12.31999969482421875 11.840000152587890625 11.359999656677246094 10.869999885559082031 10.390000343322753906 9.909999847412109375 9.1499996185302734375 8.3900003433227539062 7.6300001144409179688 6.8600001335144042969 6.0999999046325683594 5.7600002288818359375 5.4400000572204589844 5.1100001335144042969 4.7899999618530273438 4.4600000381469726562 4.8600001335144042969 5.2899999618530273438 5.7100000381469726562 6.1399998664855957031 6.5700001716613769531 7 7.4299998283386230469 7.8600001335144042969 8.2899999618530273438 8.7200002670288085938 8.8599996566772460938 8.979999542236328125 9.1000003814697265625 9.2200002670288085938 9.3500003814697265625 9.729999542236328125 10.140000343322753906 10.539999961853027344 10.939999580383300781 11.350000381469726562 11.770000457763671875 12.199999809265136719 12.630000114440917969 13.060000419616699219 13.489999771118164062 13.829999923706054688
12.479999542236328125 12.119999885559082031 11.649999618530273438 11.170000076293945312 10.689999580383300781 10.210000038146972656 9.729999542236328125 8.9600000381469726562 8.18000030517578125 7.4000000953674316406 6.6199998855590820312 5.840000152587890625 5.5 5.1799998283386230469 4.8600001335144042969 4.5399999618530273438 4.2199997901916503906 4.6500000953674316406 5.1100001335144042969 5.5700001716613769531 6.0300002098083496094 6.4800000190734863281 6.9200000762939453125 7.3600001335144042969 7.8000001907348632812 8.2399997711181640625 8.68000030517578125 8.9399995803833007812 9.1999998092651367188 9.4499998092651367188 9.7100000381469726562 9.9600000381469726562 10.300000190734863281 10.640000343322753906 10.979999542236328125 11.329999923706054688 11.670000076293945312 12.06999969482421875 12.470000267028808594 12.869999885559082031 13.270000457763671875 13.670000076293945312 14
12.56999969482421875 12.210000038146972656 11.75 11.279999732971191406 10.81999969482421875 10.350000381469726562 9.8900003433227539062 9.1499996185302734375 8.3900003433227539062 7.6399998664855957031 6.8899998664855957031 6.1300001144409179688 5.7199997901916503906 5.3099999427795410156 4.909999847412109375 4.5100002288818359375 4.0999999046325683594 4.4800000190734863281 4.8800001144409179688 5.2899999618530273438 5.6900000572204589844 6.0999999046325683594 6.5399999618530273438 6.9800000190734863281 7.4200000762939453125 7.8600001335144042969 8.3000001907348632812 8.6700000762939453125 9.0299997329711914062 9.3900003433227539062 9.75 10.119999885559082031 10.449999809265136719 10.770000457763671875 11.100000381469726562 11.43000030517578125 11.760000228881835938 12.130000114440917969 12.5 12.869999885559082031 13.239999771118164062 13.600000381469726562 13.949999809265136719
12.670000076293945312 12.310000419616699219 11.859999656677246094 11.409999847412109375 10.970000267028808594 10.520000457763671875 10.06999969482421875 9.3500003814697265625 8.6300001144409179688 7.9000000953674316406 7.1799998283386230469 6.4499998092651367188 5.9499998092651367188 5.4600000381469726562 4.9699997901916503906 4.4800000190734863281 3.9900000095367431641 4.3000001907348632812 4.6500000953674316406 5 5.3499999046325683594 5.6999998092651367188 6.1399998664855957031 6.5799999237060546875 7.0199999809265136719 7.4600000381469726562 7.9000000953674316406 8.3699998855590820312 8.840000152587890625 9.3100004196166992188 9.7799997329711914062 10.25 10.56999969482421875 10.890000343322753906 11.210000038146972656 11.520000457763671875 11.840000152587890625 12.18000030517578125 12.510000228881835938 12.850000381469726562 13.189999580383300781 13.529999732971191406 13.880000114440917969
12.770000457763671875 12.409999847412109375 11.979999542236328125 11.550000190734863281 11.109999656677246094 10.68000030517578125 10.25 9.5600004196166992188 8.8599996566772460938 8.1700000762939453125 7.4699997901916503906 6.7699999809265136719 6.1900000572204589844 5.6100001335144042969 5.0300002098083496094 4.4499998092651367188 3.8699998855590820312 4.1300001144409179688 4.4200000762939453125 4.7199997901916503906 5.0100002288818359375 5.3099999427795410156 5.7399997711181640625 6.1799998283386230469 6.6199998855590820312 7.0599999427795410156 7.5 8.06999969482421875 8.6499996185302734375 9.229999542236328125 9.8100004196166992188 10.390000343322753906 10.699999809265136719 11.010000228881835938 11.310000419616699219 11.619999885559082031 11.920000076293945312 12.229999542236328125 12.529999732971191406 12.840000152587890625 13.140000343322753906 13.449999809265136719 13.81999969482421875
12.869999885559082031 12.510000228881835938 12.090000152587890625 11.68000030517578125 11.260000228881835938 10.840000152587890625 10.43000030517578125 9.770000457763671875 9.1000003814697265625 8.43000030517578125 7.7600002288818359375 7.090000152587890625 6.4200000762939453125 5.7600002288818359375 5.090000152587890625 4.4200000762939453125 3.75 3.9500000476837158203 4.1900000572204589844 4.4299998283386230469 4.6700000762939453125 4.909999847412109375 5.340000152587890625 5.7800002098083496094 6.2199997901916503906 6.659999847412109375 7.0999999046325683594 7.7800002098083496094 8.4600000381469726562 9.1499996185302734375 9.8299999237060546875 10.520000457763671875 10.829999923706054688 11.119999885559082031 11.420000076293945312 11.710000038146972656 12 12.279999732971191406 12.550000190734863281 12.81999969482421875 13.100000381469726562 13.369999885559082031 13.760000228881835938
12.970000267028808594 12.609999656677246094 12.210000038146972656 11.810000419616699219 11.409999847412109375 11.010000228881835938 10.609999656677246094 9.9700002670288085938 9.3299999237060546875 8.6899995803833007812 8.0500001907348632812 7.409999847412109375 6.659999847412109375 5.9000000953674316406 5.1500000953674316406 4.3899998664855957031 3.6400001049041748047 3.7799999713897705078 3.9600000381469726562 4.1500000953674316406 4.3299999237060546875 4.5100002288818359375 4.9400000572204589844 5.3800001144409179688 5.8200001716613769531 6.2600002288818359375 6.6999998092651367188 7.4800000190734863281 8.270000457763671875 9.06999969482421875 9.8599996566772460938 10.659999847412109375 10.960000038146972656 11.239999771118164062 11.520000457763671875 11.800000190734863281 12.079999923706054688 12.329999923706054688 12.56999969482421875 12.810000419616699219 13.050000190734863281 13.289999961853027344 13.699999809265136719
13.06999969482421875 12.739999771118164062 12.340000152587890625 11.93000030517578125 11.529999732971191406 11.119999885559082031 10.710000038146972656 10.109999656677246094 9.5 8.8900003433227539062 8.2799997329711914062 7.6700000762939453125 6.9299998283386230469 6.1900000572204589844 5.4400000572204589844 4.6999998092651367188 3.9500000476837158203 4.090000152587890625 4.2600002288818359375 4.4299998283386230469 4.6100001335144042969 4.7800002098083496094 5.2399997711181640625 5.7100000381469726562 6.1900000572204589844 6.659999847412109375 7.1300001144409179688 7.840000152587890625 8.5600004196166992188 9.2799997329711914062 10 10.720000267028808594 11.010000228881835938 11.270000457763671875 11.529999732971191406 11.789999961853027344 12.050000190734863281 12.289999961853027344 12.539999961853027344 12.779999732971191406 13.020000457763671875 13.270000457763671875 13.659999847412109375
13.159999847412109375 12.880000114440917969 12.470000267028808594 12.060000419616699219 11.640000343322753906 11.229999542236328125 10.810000419616699219 10.239999771118164062 9.659999847412109375 9.0799999237060546875 8.5100002288818359375 7.9299998283386230469 7.2100000381469726562 6.4800000190734863281 5.75 5.0199999809265136719 4.2899999618530273438 4.4200000762939453125 4.5799999237060546875 4.75 4.909999847412109375 5.0799999237060546875 5.5700001716613769531 6.0799999237060546875 6.590000152587890625 7.0999999046325683594 7.6100001335144042969 8.2399997711181640625 8.8800001144409179688 9.520000457763671875 10.149999618530273438 10.789999961853027344 11.050000190734863281 11.289999961853027344 11.529999732971191406 11.770000457763671875 12.010000228881835938 12.260000228881835938 12.510000228881835938 12.75 13 13.25 13.619999885559082031
13.260000228881835938 13.020000457763671875 12.600000381469726562 12.18000030517578125 11.760000228881835938 11.329999923706054688 10.909999847412109375 10.369999885559082031 9.81999969482421875 9.2799997329711914062 8.729999542236328125 8.1899995803833007812 7.4800000190734863281 6.7699999809265136719 6.0599999427795410156 5.340000152587890625 4.6300001144409179688 4.75 4.909999847412109375 5.0700001716613769531 5.2199997901916503906 5.3800001144409179688 5.909999847412109375 6.4499998092651367188 7 7.5500001907348632812 8.090000152587890625 8.6400003433227539062 9.1999998092651367188 9.75 10.300000190734863281 10.850000381469726562 11.090000152587890625 11.310000419616699219 11.529999732971191406 11.75 11.970000267028808594 12.220000267028808594 12.470000267028808594 12.720000267028808594 12.979999542236328125 13.229999542236328125 13.579999923706054688
13.359999656677246094 13.159999847412109375 12.739999771118164062 12.310000419616699219 11.869999885559082031 11.439999580383300781 11.010000228881835938 10.5 9.9899997711181640625 9.4700002670288085938 8.9600000381469726562 8.4499998092651367188 7.7600002288818359375 7.0599999427795410156 6.3600001335144042969 5.6700000762939453125 4.9699997901916503906 5.090000152587890625 5.2300000190734863281 5.3800001144409179688 5.5300002098083496094 5.6799998283386230469 6.2399997711181640625 6.8200001716613769531 7.409999847412109375 7.9899997711181640625 8.56999969482421875 9.0399999618530273438 9.5100002288818359375 9.979999542236328125 10.449999809265136719 10.909999847412109375 11.130000114440917969 11.329999923706054688 11.529999732971191406 11.729999542236328125 11.93000030517578125 12.189999580383300781 12.439999580383300781 12.699999809265136719 12.949999809265136719 13.210000038146972656 13.539999961853027344
13.460000038146972656 13.300000190734863281 12.869999885559082031 12.43000030517578125 11.989999771118164062 11.550000190734863281 11.109999656677246094 10.630000114440917969 10.149999618530273438 9.6700000762939453125 9.1899995803833007812 8.7100000381469726562 8.0299997329711914062 7.3499999046325683594 6.6700000762939453125 5.9899997711181640625 5.3099999427795410156 5.4200000762939453125 5.5599999427795410156 5.6999998092651367188 5.840000152587890625 5.9800000190734863281 6.5799999237060546875 7.1900000572204589844 7.8099999427795410156 8.43000030517578125 9.0500001907348632812 9.4399995803833007812 9.8299999237060546875 10.210000038146972656 10.590000152587890625 10.979999542236328125 11.170000076293945312 11.350000381469726562 11.529999732971191406 11.710000038146972656 11.890000343322753906 12.149999618530273438 12.409999847412109375 12.670000076293945312 12.93000030517578125 13.189999580383300781 13.510000228881835938
13.260000228881835938 13.039999961853027344 12.649999618530273438 12.25 11.850000381469726562 11.460000038146972656 11.060000419616699219 10.520000457763671875 9.979999542236328125 9.4399995803833007812 8.8999996185302734375 8.3599996566772460938 7.6900000572204589844 7.0100002288818359375 6.340000152587890625 5.659999847412109375 4.9899997711181640625 5.1300001144409179688 5.3099999427795410156 5.4800000190734863281 5.659999847412109375 5.840000152587890625 6.4000000953674316406 6.9800000190734863281 7.5599999427795410156 8.1400003433227539062 8.7100000381469726562 9.1499996185302734375 9.56999969482421875 10 10.420000076293945312 10.850000381469726562 11.06999969482421875 11.289999961853027344 11.510000228881835938 11.729999542236328125 11.949999809265136719 12.229999542236328125 12.520000457763671875 12.800000190734863281 13.090000152587890625 13.380000114440917969 13.68000030517578125
13.039999961853027344 12.760000228881835938 12.409999847412109375 12.060000419616699219 11.699999809265136719 11.350000381469726562 11 10.399999618530273438 9.8000001907348632812 9.1899995803833007812 8.590000152587890625 7.9800000190734863281 7.3099999427795410156 6.6399998664855957031 5.9699997901916503906 5.3000001907348632812 4.6300001144409179688 4.8099999427795410156 5.0300002098083496094 5.2399997711181640625 5.4600000381469726562 5.6799998283386230469 6.1999998092651367188 6.7300000190734863281 7.2699999809265136719 7.8000001907348632812 8.340000152587890625 8.8100004196166992188 9.2899999618530273438 9.7600002288818359375 10.229999542236328125 10.699999809265136719 10.970000267028808594 11.229999542236328125 11.489999771118164062 11.75 12 12.31999969482421875 12.630000114440917969 12.939999580383300781 13.260000228881835938 13.56999969482421875 13.859999656677246094
12.81999969482421875 12.489999771118164062 12.18000030517578125 11.869999885559082031 11.550000190734863281 11.239999771118164062 10.93000030517578125 10.279999732971191406 9.6099996566772460938 8.9399995803833007812 8.270000457763671875 7.6100001335144042969 6.9400000572204589844 6.2699999809265136719 5.5999999046325683594 4.9299998283386230469 4.2699999809265136719 4.4899997711181640625 4.7399997711181640625 5 5.2600002288818359375 5.5199999809265136719 6 6.4899997711181640625 6.9800000190734863281 7.4699997901916503906 7.9600000381469726562 8.479999542236328125 9 9.520000457763671875 10.039999961853027344 10.560000419616699219 10.869999885559082031 11.170000076293945312 11.470000267028808594 11.760000228881835938 12.060000419616699219 12.399999618530273438 12.739999771118164062 13.090000152587890625 13.43000030517578125 13.770000457763671875 14.050000190734863281
12.609999656677246094 12.210000038146972656 11.939999580383300781 11.670000076293945312 11.409999847412109375 11.140000343322753906 10.869999885559082031 10.159999847412109375 9.43000030517578125 8.6899995803833007812 7.9600000381469726562 7.2300000190734863281 6.5599999427795410156 5.9000000953674316406 5.2300000190734863281 4.5700001716613769531 3.9100000858306884766 4.159999847412109375 4.4600000381469726562 4.7600002288818359375 5.0599999427795410156 5.3600001335144042969 5.8000001907348632812 6.2399997711181640625 6.6900000572204589844 7.1300001144409179688 7.5799999237060546875 8.1400003433227539062 8.7100000381469726562 9.2799997329711914062 9.8500003814697265625 10.420000076293945312 10.770000457763671875 11.109999656677246094 11.439999580383300781 11.779999732971191406 12.119999885559082031 12.489999771118164062 12.859999656677246094 13.229999542236328125 13.600000381469726562 13.970000267028808594 14.229999542236328125
12.390000343322753906 11.93000030517578125 11.699999809265136719 11.479999542236328125 11.260000228881835938 11.029999732971191406 10.810000419616699219 10.039999961853027344 9.2399997711181640625 8.4399995803833007812 7.6500000953674316406 6.8499999046325683594 6.1900000572204589844 5.5300002098083496094 4.8699998855590820312 4.2100000381469726562 3.5499999523162841797 3.8399999141693115234 4.1799998283386230469 4.5199999809265136719 4.8600001335144042969 5.1900000572204589844 5.590000152587890625 6 6.4000000953674316406 6.8000001907348632812 7.1999998092651367188 7.8099999427795410156 8.43000030517578125 9.0399999618530273438 9.659999847412109375 10.279999732971191406 10.670000076293945312 11.050000190734863281 11.420000076293945312 11.800000190734863281 12.18000030517578125 12.579999923706054688 12.970000267028808594 13.369999885559082031 13.770000457763671875 14.170000076293945312 14.420000076293945312
