DatosClimaticos/DatosMaxEnt/2023/BIO6_2023.asc
ncols        206
nrows        206
xllcorner    -76.208333333333
yllcorner    4.492353333333
cellsize     0.008330000000
NODATA_value -9999
[rows 95 to 113 of 206, columns 0 to 42 of 206]
-9999 -9999 -9999 -9999 -9999 -9999 -9999 -9999 17.659999847412109375 17.739999771118164062 17.81999969482421875 17.899999618530273438 17.979999542236328125 17.829999923706054688 17.68000030517578125 17.530000686645507812 17.379999160766601562 17.219999313354492188 17.100000381469726562 16.969999313354492188 16.850000381469726562 16.719999313354492188 16.600000381469726562 16.270000457763671875 15.939999580383300781 15.609999656677246094 15.289999961853027344 14.960000038146972656 15 15.039999961853027344 15.079999923706054688 15.119999885559082031 15.159999847412109375 15.149999618530273438 15.140000343322753906 15.130000114440917969 15.119999885559082031 15.109999656677246094 14.529999732971191406 13.93000030517578125 13.340000152587890625 12.739999771118164062 12.140000343322753906
-9999 -9999 -9999 -9999 -9999 -9999 -9999 17.54000091552734375 17.70999908447265625 17.879999160766601562 18.049999237060546875 18.219999313354492188 18.379999160766601562 18.1399993896484375 17.899999618530273438 17.649999618530273438 17.409999847412109375 17.159999847412109375 17.06999969482421875 16.979999542236328125 16.879999160766601562 16.79000091552734375 16.700000762939453125 16.479999542236328125 16.270000457763671875 16.049999237060546875 15.829999923706054688 15.619999885559082031 15.619999885559082031 15.619999885559082031 15.619999885559082031 15.619999885559082031 15.619999885559082031 15.550000190734863281 15.479999542236328125 15.399999618530273438 15.329999923706054688 15.260000228881835938 14.68000030517578125 14.090000152587890625 13.5 12.909999847412109375 12.31999969482421875
-9999 -9999 -9999 -9999 -9999 18.45999908447265625 17.979999542236328125 17.5 17.760000228881835938 18.010000228881835938 18.270000457763671875 18.530000686645507812 18.780000686645507812 18.450000762939453125 18.1100006103515625 17.780000686645507812 17.440000534057617188 17.100000381469726562 17.04000091552734375 16.979999542236328125 16.920000076293945312 16.8600006103515625 16.799999237060546875 16.690000534057617188 16.590000152587890625 16.479999542236328125 16.379999160766601562 16.280000686645507812 16.239999771118164062 16.200000762939453125 16.159999847412109375 16.120000839233398438 16.079999923706054688 15.949999809265136719 15.810000419616699219 15.670000076293945312 15.529999732971191406 15.399999618530273438 14.81999969482421875 14.239999771118164062 13.659999847412109375 13.079999923706054688 12.5
-9999 -9999 20.049999237060546875 19.620000839233398438 19.190000534057617188 18.760000228881835938 18.329999923706054688 17.899999618530273438 18.100000381469726562 18.29000091552734375 18.489999771118164062 18.68000030517578125 18.879999160766601562 18.549999237060546875 18.20999908447265625 17.879999160766601562 17.549999237060546875 17.219999313354492188 17.129999160766601562 17.030000686645507812 16.940000534057617188 16.850000381469726562 16.760000228881835938 16.670000076293945312 16.590000152587890625 16.5 16.409999847412109375 16.31999969482421875 16.29000091552734375 16.25 16.219999313354492188 16.190000534057617188 16.159999847412109375 15.960000038146972656 15.770000457763671875 15.56999969482421875 15.369999885559082031 15.170000076293945312 14.659999847412109375 14.149999618530273438 13.630000114440917969 13.119999885559082031 12.600000381469726562
20.20999908447265625 20.20999908447265625 20.20999908447265625 19.840000152587890625 19.45999908447265625 19.079999923706054688 18.700000762939453125 18.31999969482421875 18.450000762939453125 18.579999923706054688 18.700000762939453125 18.829999923706054688 18.95999908447265625 18.629999160766601562 18.309999465942382812 17.989999771118164062 17.659999847412109375 17.340000152587890625 17.20999908447265625 17.090000152587890625 16.969999313354492188 16.850000381469726562 16.719999313354492188 16.649999618530273438 16.56999969482421875 16.489999771118164062 16.420000076293945312 16.340000152587890625 16.31999969482421875 16.29000091552734375 16.270000457763671875 16.239999771118164062 16.219999313354492188 15.960000038146972656 15.710000038146972656 15.449999809265136719 15.189999580383300781 14.93000030517578125 14.489999771118164062 14.039999961853027344 13.600000381469726562 13.149999618530273438 12.699999809265136719
20.370000839233398438 20.370000839233398438 20.370000839233398438 20.049999237060546875 19.719999313354492188 19.399999618530273438 19.06999969482421875 18.739999771118164062 18.799999237060546875 18.8600006103515625 18.920000076293945312 18.979999542236328125 19.04000091552734375 18.719999313354492188 18.409999847412109375 18.090000152587890625 17.770000457763671875 17.45999908447265625 17.299999237060546875 17.149999618530273438 16.989999771118164062 16.840000152587890625 16.68000030517578125 16.620000839233398438 16.549999237060546875 16.489999771118164062 16.420000076293945312 16.3600006103515625 16.340000152587890625 16.329999923706054688 16.309999465942382812 16.29000091552734375 16.280000686645507812 15.960000038146972656 15.649999618530273438 15.329999923706054688 15.010000228881835938 14.689999580383300781 14.31999969482421875 13.939999580383300781 13.560000419616699219 13.18000030517578125 12.800000190734863281
20.530000686645507812 20.530000686645507812 20.530000686645507812 20.260000228881835938 19.989999771118164062 19.70999908447265625 19.440000534057617188 19.159999847412109375 19.149999618530273438 19.1399993896484375 19.1399993896484375 19.129999160766601562 19.120000839233398438 18.809999465942382812 18.5 18.190000534057617188 17.8899993896484375 17.579999923706054688 17.3899993896484375 17.200000762939453125 17.020000457763671875 16.829999923706054688 16.6399993896484375 16.590000152587890625 16.54000091552734375 16.479999542236328125 16.43000030517578125 16.379999160766601562 16.370000839233398438 16.3600006103515625 16.350000381469726562 16.350000381469726562 16.340000152587890625 15.970000267028808594 15.590000152587890625 15.210000038146972656 14.829999923706054688 14.460000038146972656 14.140000343322753906 13.829999923706054688 13.520000457763671875 13.210000038146972656 12.899999618530273438
20.690000534057617188 20.690000534057617188 20.690000534057617188 20.469999313354492188 20.25 20.030000686645507812 19.809999465942382812 19.579999923706054688 19.510000228881835938 19.43000030517578125 19.350000381469726562 19.270000457763671875 19.200000762939453125 18.899999618530273438 18.600000381469726562 18.299999237060546875 18 17.700000762939453125 17.479999542236328125 17.260000228881835938 17.04000091552734375 16.81999969482421875 16.600000381469726562 16.559999465942382812 16.520000457763671875 16.479999542236328125 16.440000534057617188 16.399999618530273438 16.399999618530273438 16.399999618530273438 16.399999618530273438 16.399999618530273438 16.399999618530273438 15.970000267028808594 15.529999732971191406 15.090000152587890625 14.649999618530273438 14.220000267028808594 13.970000267028808594 13.729999542236328125 13.489999771118164062 13.239999771118164062 13
20.260000228881835938 20.260000228881835938 20.260000228881835938 20.04000091552734375 19.809999465942382812 19.590000152587890625 19.3600006103515625 19.1399993896484375 19.020000457763671875 18.899999618530273438 18.79000091552734375 18.670000076293945312 18.549999237060546875 18.370000839233398438 18.190000534057617188 18.020000457763671875 17.840000152587890625 17.659999847412109375 17.440000534057617188 17.20999908447265625 16.979999542236328125 16.75 16.530000686645507812 16.45999908447265625 16.409999847412109375 16.350000381469726562 16.29000091552734375 16.229999542236328125 16.190000534057617188 16.159999847412109375 16.120000839233398438 16.090000152587890625 16.059999465942382812 15.670000076293945312 15.289999961853027344 14.899999618530273438 14.520000457763671875 14.130000114440917969 13.920000076293945312 13.720000267028808594 13.510000228881835938 13.300000190734863281 13.100000381469726562
19.799999237060546875 19.799999237060546875 19.799999237060546875 19.56999969482421875 19.340000152587890625 19.120000839233398438 18.8899993896484375 18.659999847412109375 18.5 18.340000152587890625 18.190000534057617188 18.030000686645507812 17.870000839233398438 17.81999969482421875 17.770000457763671875 17.719999313354492188 17.670000076293945312 17.620000839233398438 17.3899993896484375 17.149999618530273438 16.920000076293945312 16.68000030517578125 16.450000762939453125 16.3600006103515625 16.29000091552734375 16.20999908447265625 16.129999160766601562 16.049999237060546875 15.979999542236328125 15.909999847412109375 15.840000152587890625 15.770000457763671875 15.699999809265136719 15.369999885559082031 15.039999961853027344 14.710000038146972656 14.380000114440917969 14.050000190734863281 13.880000114440917969 13.710000038146972656 13.539999961853027344 13.369999885559082031 13.199999809265136719
19.340000152587890625 19.340000152587890625 19.340000152587890625 19.1100006103515625 18.879999160766601562 18.6399993896484375 18.409999847412109375 18.18000030517578125 17.979999542236328125 17.780000686645507812 17.590000152587890625 17.3899993896484375 17.190000534057617188 17.270000457763671875 17.350000381469726562 17.420000076293945312 17.5 17.579999923706054688 17.340000152587890625 17.100000381469726562 16.850000381469726562 16.6100006103515625 16.370000839233398438 16.270000457763671875 16.170000076293945312 16.06999969482421875 15.970000267028808594 15.869999885559082031 15.760000228881835938 15.659999847412109375 15.550000190734863281 15.439999580383300781 15.340000152587890625 15.060000419616699219 14.789999961853027344 14.520000457763671875 14.239999771118164062 13.970000267028808594 13.829999923706054688 13.699999809265136719 13.560000419616699219 13.43000030517578125 13.300000190734863281
18.879999160766601562 18.879999160766601562 18.879999160766601562 18.6399993896484375 18.409999847412109375 18.170000076293945312 17.940000534057617188 17.700000762939453125 17.45999908447265625 17.219999313354492188 16.989999771118164062 16.75 16.510000228881835938 16.70999908447265625 16.920000076293945312 17.129999160766601562 17.329999923706054688 17.54000091552734375 17.29000091552734375 17.04000091552734375 16.79000091552734375 16.54000091552734375 16.29000091552734375 16.170000076293945312 16.049999237060546875 15.93000030517578125 15.810000419616699219 15.689999580383300781 15.550000190734863281 15.399999618530273438 15.260000228881835938 15.119999885559082031 14.979999542236328125 14.760000228881835938 14.539999961853027344 14.31999969482421875 14.100000381469726562 13.890000343322753906 13.789999961853027344 13.689999580383300781 13.590000152587890625 13.489999771118164062 13.399999618530273438
18.420000076293945312 18.420000076293945312 18.420000076293945312 18.18000030517578125 17.940000534057617188 17.700000762939453125 17.45999908447265625 17.219999313354492188 16.940000534057617188 16.670000076293945312 16.3899993896484375 16.1100006103515625 15.829999923706054688 16.159999847412109375 16.5 16.829999923706054688 17.170000076293945312 17.5 17.239999771118164062 16.979999542236328125 16.719999313354492188 16.469999313354492188 16.20999908447265625 16.06999969482421875 15.93000030517578125 15.789999961853027344 15.649999618530273438 15.510000228881835938 15.329999923706054688 15.149999618530273438 14.970000267028808594 14.800000190734863281 14.619999885559082031 14.460000038146972656 14.289999961853027344 14.130000114440917969 13.970000267028808594 13.810000419616699219 13.739999771118164062 13.68000030517578125 13.619999885559082031 13.560000419616699219 13.5
17.920000076293945312 17.920000076293945312 17.920000076293945312 17.670000076293945312 17.409999847412109375 17.159999847412109375 16.899999618530273438 16.649999618530273438 16.399999618530273438 16.149999618530273438 15.899999618530273438 15.649999618530273438 15.399999618530273438 15.760000228881835938 16.120000839233398438 16.479999542236328125 16.850000381469726562 17.20999908447265625 16.969999313354492188 16.719999313354492188 16.469999313354492188 16.219999313354492188 15.970000267028808594 15.829999923706054688 15.68000030517578125 15.539999961853027344 15.399999618530273438 15.25 15.039999961853027344 14.829999923706054688 14.619999885559082031 14.409999847412109375 14.199999809265136719 14.119999885559082031 14.039999961853027344 13.960000038146972656 13.880000114440917969 13.800000190734863281 13.810000419616699219 13.81999969482421875 13.829999923706054688 13.840000152587890625 13.840000152587890625
17.420000076293945312 17.420000076293945312 17.420000076293945312 17.149999618530273438 16.879999160766601562 16.6100006103515625 16.340000152587890625 16.06999969482421875 15.850000381469726562 15.630000114440917969 15.409999847412109375 15.199999809265136719 14.979999542236328125 15.359999656677246094 15.75 16.1399993896484375 16.520000457763671875 16.909999847412109375 16.68000030517578125 16.440000534057617188 16.20999908447265625 15.970000267028808594 15.729999542236328125 15.579999923706054688 15.439999580383300781 15.289999961853027344 15.140000343322753906 14.989999771118164062 14.75 14.510000228881835938 14.270000457763671875 14.020000457763671875 13.779999732971191406 13.779999732971191406 13.789999961853027344 13.789999961853027344 13.800000190734863281 13.800000190734863281 13.880000114440917969 13.960000038146972656 14.039999961853027344 14.119999885559082031 14.199999809265136719
16.920000076293945312 16.920000076293945312 16.920000076293945312 16.6399993896484375 16.350000381469726562 16.059999465942382812 15.770000457763671875 15.489999771118164062 15.300000190734863281 15.119999885559082031 14.93000030517578125 14.739999771118164062 14.560000419616699219 14.970000267028808594 15.380000114440917969 15.789999961853027344 16.200000762939453125 16.6100006103515625 16.3899993896484375 16.170000076293945312 15.939999580383300781 15.720000267028808594 15.489999771118164062 15.340000152587890625 15.189999580383300781 15.039999961853027344 14.880000114440917969 14.729999542236328125 14.460000038146972656 14.189999580383300781 13.909999847412109375 13.640000343322753906 13.359999656677246094 13.449999809265136719 13.529999732971191406 13.619999885559082031 13.710000038146972656 13.800000190734863281 13.949999809265136719 14.100000381469726562 14.260000228881835938 14.409999847412109375 14.560000419616699219
16.420000076293945312 16.420000076293945312 16.420000076293945312 16.120000839233398438 15.81999969482421875 15.510000228881835938 15.210000038146972656 14.909999847412109375 14.75 14.600000381469726562 14.449999809265136719 14.289999961853027344 14.140000343322753906 14.56999969482421875 15.010000228881835938 15.439999580383300781 15.880000114440917969 16.309999465942382812 16.100000381469726562 15.890000343322753906 15.68000030517578125 15.470000267028808594 15.25 15.100000381469726562 14.939999580383300781 14.779999732971191406 14.630000114440917969 14.470000267028808594 14.170000076293945312 13.859999656677246094 13.560000419616699219 13.25 12.939999580383300781 13.109999656677246094 13.279999732971191406 13.449999809265136719 13.630000114440917969 13.800000190734863281 14.020000457763671875 14.25 14.470000267028808594 14.699999809265136719 14.920000076293945312
15.920000076293945312 15.920000076293945312 15.920000076293945312 15.600000381469726562 15.279999732971191406 14.970000267028808594 14.649999618530273438 14.329999923706054688 14.210000038146972656 14.079999923706054688 13.960000038146972656 13.840000152587890625 13.720000267028808594 14.18000030517578125 14.630000114440917969 15.090000152587890625 15.550000190734863281 16.010000228881835938 15.810000419616699219 15.609999656677246094 15.409999847412109375 15.210000038146972656 15.010000228881835938 14.850000381469726562 14.689999580383300781 14.529999732971191406 14.369999885559082031 14.210000038146972656 13.880000114440917969 13.539999961853027344 13.199999809265136719 12.859999656677246094 12.520000457763671875 12.770000457763671875 13.029999732971191406 13.279999732971191406 13.539999961853027344 13.800000190734863281 14.090000152587890625 14.390000343322753906 14.689999580383300781 14.979999542236328125 15.279999732971191406
16.260000228881835938 16.260000228881835938 16.260000228881835938 15.869999885559082031 15.470000267028808594 15.06999969482421875 14.68000030517578125 14.279999732971191406 14.159999847412109375 14.029999732971191406 13.909999847412109375 13.789999961853027344 13.659999847412109375 14.06999969482421875 14.479999542236328125 14.890000343322753906 15.300000190734863281 15.710000038146972656 15.560000419616699219 15.409999847412109375 15.25 15.100000381469726562 14.939999580383300781 14.75 14.550000190734863281 14.350000381469726562 14.149999618530273438 13.949999809265136719 13.600000381469726562 13.239999771118164062 12.880000114440917969 12.520000457763671875 12.159999847412109375 12.470000267028808594 12.779999732971191406 13.090000152587890625 13.409999847412109375 13.720000267028808594 14.050000190734863281 14.390000343322753906 14.720000267028808594 15.060000419616699219 15.390000343322753906
