DatosClimaticos/DatosMaxEnt/2023/BIO6_2023.asc
ncols        206
nrows        206
xllcorner    -76.208333333333
yllcorner    4.492353333333
cellsize     0.008330000000
NODATA_value -9999
[rows 171 to 189 of 206, columns 86 to 128 of 206]
1.9299999475479125977 1.0599999427795410156 0.99000000953674316406 0.94999998807907104492 0.91000002622604370117 0.87999999523162841797 0.83999997377395629883 0.62000000476837158203 0.38999998569488525391 0.15999999642372131348 -0.070000000298023223877 -0.30000001192092895508 -0.37000000476837158203 -0.43000000715255737305 -0.49000000953674316406 -0.56000000238418579102 -0.62000000476837158203 -0.28000000119209289551 0.070000000298023223877 0.43000000715255737305 0.77999997138977050781 1.1399999856948852539 1.2100000381469726562 1.2799999713897705078 1.3400000333786010742 1.3999999761581420898 1.4700000286102294922 1.7599999904632568359 2.0699999332427978516 2.3699998855590820312 2.6800000667572021484 2.9800000190734863281 3.4600000381469726562 3.9500000476837158203 4.4299998283386230469 4.9200000762939453125 5.4000000953674316406 6.0500001907348632812 6.7100000381469726562 7.3699998855590820312 8.0299997329711914062 8.6899995803833007812 9.1199998855590820312
1.7999999523162841797 0.93999999761581420898 0.91000002622604370117 0.89999997615814208984 0.89999997615814208984 0.89999997615814208984 0.89999997615814208984 0.68000000715255737305 0.46000000834465026855 0.23999999463558197021 0.019999999552965164185 -0.20000000298023223877 -0.23000000417232513428 -0.25 -0.27000001072883605957 -0.30000001192092895508 -0.31999999284744262695 -0.0099999997764825820923 0.31000000238418579102 0.62999999523162841797 0.94999998807907104492 1.2799999713897705078 1.2899999618530273438 1.2999999523162841797 1.2999999523162841797 1.3099999427795410156 1.3099999427795410156 1.5299999713897705078 1.75 1.9800000190734863281 2.2000000476837158203 2.4300000667572021484 2.8800001144409179688 3.3399999141693115234 3.7999999523162841797 4.2600002288818359375 4.7199997901916503906 5.4299998283386230469 6.1399998664855957031 6.8600001335144042969 7.5799999237060546875 8.2899999618530273438 8.7399997711181640625
2.5699999332427978516 1.75 1.6000000238418579102 1.4800000190734863281 1.3500000238418579102 1.2300000190734863281 1.1100000143051147461 0.85000002384185791016 0.57999998331069946289 0.31000000238418579102 0.039999999105930328369 -0.23999999463558197021 -0.21999999880790710449 -0.18000000715255737305 -0.14000000059604644775 -0.10000000149011611938 -0.059999998658895492554 0.23000000417232513428 0.51999998092651367188 0.81999999284744262695 1.120000004768371582 1.4199999570846557617 1.4800000190734863281 1.5199999809265136719 1.5599999427795410156 1.6000000238418579102 1.629999995231628418 1.870000004768371582 2.1199998855590820312 2.3699998855590820312 2.6099998950958251953 2.8399999141693115234 3.2699999809265136719 3.7200000286102294922 4.159999847412109375 4.6100001335144042969 5.0500001907348632812 5.6799998283386230469 6.3200001716613769531 6.9499998092651367188 7.590000152587890625 8.229999542236328125 8.7200002670288085938
3.4100000858306884766 2.6300001144409179688 2.3499999046325683594 2.0999999046325683594 1.8400000333786010742 1.5900000333786010742 1.3300000429153442383 1.0199999809265136719 0.69999998807907104492 0.37999999523162841797 0.039999999105930328369 -0.30000001192092895508 -0.21999999880790710449 -0.10999999940395355225 -0.0099999997764825820923 0.090000003576278686523 0.20000000298023223877 0.46000000834465026855 0.74000000953674316406 1.0099999904632568359 1.2799999713897705078 1.5599999427795410156 1.6599999666213989258 1.75 1.8300000429153442383 1.9099999666213989258 1.9900000095367431641 2.2599999904632568359 2.5299999713897705078 2.7899999618530273438 3.0499999523162841797 3.3099999427795410156 3.7400000095367431641 4.159999847412109375 4.590000152587890625 5.0199999809265136719 5.4499998092651367188 6 6.5399999618530273438 7.090000152587890625 7.6399998664855957031 8.1899995803833007812 8.7100000381469726562
4.25 3.5 3.1099998950958251953 2.7200000286102294922 2.3299999237060546875 1.9500000476837158203 1.5599999427795410156 1.1900000572204589844 0.81000000238418579102 0.41999998688697814941 0.029999999329447746277 -0.36000001430511474609 -0.20999999344348907471 -0.050000000745058059692 0.11999999731779098511 0.28999999165534973145 0.44999998807907104492 0.69999998807907104492 0.94999998807907104492 1.2000000476837158203 1.4500000476837158203 1.7000000476837158203 1.8300000429153442383 1.9600000381469726562 2.0799999237060546875 2.2100000381469726562 2.3299999237060546875 2.6199998855590820312 2.9100000858306884766 3.2100000381469726562 3.5 3.7899999618530273438 4.1999998092651367188 4.6100001335144042969 5.0300002098083496094 5.4400000572204589844 5.8499999046325683594 6.3099999427795410156 6.7699999809265136719 7.2399997711181640625 7.6999998092651367188 8.159999847412109375 8.7100000381469726562
5.090000152587890625 4.3800001144409179688 3.8599998950958251953 3.3399999141693115234 2.8199999332427978516 2.2999999523162841797 1.7799999713897705078 1.3600000143051147461 0.91000002622604370117 0.46999999880790710449 0.029999999329447746277 -0.41999998688697814941 -0.20999999344348907471 0.019999999552965164185 0.25 0.47999998927116394043 0.70999997854232788086 0.93999999761581420898 1.1599999666213989258 1.3899999856948852539 1.6100000143051147461 1.8400000333786010742 2 2.1700000762939453125 2.3299999237060546875 2.4900000095367431641 2.6500000953674316406 2.9700000286102294922 3.2899999618530273438 3.6199998855590820312 3.9500000476837158203 4.2699999809265136719 4.659999847412109375 5.0599999427795410156 5.4600000381469726562 5.8600001335144042969 6.25 6.6300001144409179688 7 7.3800001144409179688 7.75 8.1199998855590820312 8.7100000381469726562
5.9200000762939453125 5.2600002288818359375 4.6100001335144042969 3.9600000381469726562 3.3099999427795410156 2.6600000858306884766 2.0099999904632568359 1.5099999904632568359 1.0099999904632568359 0.51999998092651367188 0.019999999552965164185 -0.47999998927116394043 -0.20999999344348907471 0.079999998211860656738 0.37999999523162841797 0.67000001668930053711 0.97000002861022949219 1.1699999570846557617 1.379999995231628418 1.5800000429153442383 1.7799999713897705078 1.9800000190734863281 2.1800000667572021484 2.3800001144409179688 2.5699999332427978516 2.7699999809265136719 2.9700000286102294922 3.3199999332427978516 3.6800000667572021484 4.0300002098083496094 4.3899998664855957031 4.75 5.1300001144409179688 5.5100002288818359375 5.8899998664855957031 6.2699999809265136719 6.6500000953674316406 6.9400000572204589844 7.2300000190734863281 7.5199999809265136719 7.8000001907348632812 8.090000152587890625 8.7100000381469726562
6.0399999618530273438 5.340000152587890625 4.6500000953674316406 3.9600000381469726562 3.2699999809265136719 2.5799999237060546875 1.8999999761581420898 1.4600000381469726562 1.0199999809265136719 0.56999999284744262695 0.12999999523162841797 -0.31999999284744262695 -0.079999998211860656738 0.18999999761581420898 0.46000000834465026855 0.72000002861022949219 0.97000002861022949219 1.1499999761581420898 1.3200000524520874023 1.5 1.6699999570846557617 1.8400000333786010742 2.0399999618530273438 2.2400000095367431641 2.4300000667572021484 2.6300001144409179688 2.8199999332427978516 3.1400001049041748047 3.4700000286102294922 3.7999999523162841797 4.1199998855590820312 4.4499998092651367188 4.9200000762939453125 5.4000000953674316406 5.8800001144409179688 6.3600001335144042969 6.840000152587890625 7.1799998283386230469 7.5 7.8200001716613769531 8.1499996185302734375 8.4700002670288085938 9.0600004196166992188
6.1100001335144042969 5.3600001335144042969 4.6399998664855957031 3.9200000762939453125 3.2000000476837158203 2.4800000190734863281 1.7599999904632568359 1.379999995231628418 1.0099999904632568359 0.62999999523162841797 0.25 -0.14000000059604644775 0.070000000298023223877 0.30000001192092895508 0.52999997138977050781 0.74000000953674316406 0.94999998807907104492 1.1000000238418579102 1.25 1.3899999856948852539 1.5399999618530273438 1.6900000572204589844 1.879999995231628418 2.0699999332427978516 2.2599999904632568359 2.4500000476837158203 2.6400001049041748047 2.9300000667572021484 3.2200000286102294922 3.5099999904632568359 3.7999999523162841797 4.090000152587890625 4.6700000762939453125 5.25 5.840000152587890625 6.4299998283386230469 7.0199999809265136719 7.4000000953674316406 7.7699999809265136719 8.1499996185302734375 8.520000457763671875 8.8900003433227539062 9.4399995803833007812
6.1700000762939453125 5.3899998664855957031 4.6300001144409179688 3.8800001144409179688 3.1199998855590820312 2.3699998855590820312 1.620000004768371582 1.2999999523162841797 0.99000000953674316406 0.68999999761581420898 0.36000001430511474609 0.039999999105930328369 0.20999999344348907471 0.40999999642372131348 0.58999997377395629883 0.75999999046325683594 0.93000000715255737305 1.0499999523162841797 1.1699999570846557617 1.2899999618530273438 1.4099999666213989258 1.5299999713897705078 1.7100000381469726562 1.8999999761581420898 2.0899999141693115234 2.2799999713897705078 2.4600000381469726562 2.7200000286102294922 2.9700000286102294922 3.2300000190734863281 3.4800000190734863281 3.7300000190734863281 4.409999847412109375 5.1100001335144042969 5.8000001907348632812 6.5 7.1900000572204589844 7.6300001144409179688 8.0500001907348632812 8.4700002670288085938 8.8900003433227539062 9.3100004196166992188 9.8100004196166992188
6.2399997711181640625 5.409999847412109375 4.6199998855590820312 3.8399999141693115234 3.0499999523162841797 2.2599999904632568359 1.4800000190734863281 1.2100000381469726562 0.97000002861022949219 0.73000001907348632812 0.47999998927116394043 0.21999999880790710449 0.36000001430511474609 0.5 0.63999998569488525391 0.77999997138977050781 0.92000001668930053711 1.0099999904632568359 1.1000000238418579102 1.1900000572204589844 1.2799999713897705078 1.370000004768371582 1.5499999523162841797 1.7300000190734863281 1.9199999570846557617 2.0999999046325683594 2.2799999713897705078 2.5 2.7200000286102294922 2.9400000572204589844 3.1600000858306884766 3.3800001144409179688 4.1500000953674316406 4.9600000381469726562 5.7600002288818359375 6.5599999427795410156 7.3699998855590820312 7.8499999046325683594 8.31999969482421875 8.7899999618530273438 9.2600002288818359375 9.729999542236328125 10.189999580383300781
6.3099999427795410156 5.4299998283386230469 4.6100001335144042969 3.7899999618530273438 2.9800000190734863281 2.1600000858306884766 1.3400000333786010742 1.129999995231628418 0.94999998807907104492 0.75999999046325683594 0.57999998331069946289 0.38999998569488525391 0.49000000953674316406 0.58999997377395629883 0.68999999761581420898 0.79000002145767211914 0.89999997615814208984 0.95999997854232788086 1.0199999809265136719 1.0800000429153442383 1.1499999761581420898 1.2100000381469726562 1.379999995231628418 1.5599999427795410156 1.7400000095367431641 1.9199999570846557617 2.1099998950958251953 2.2899999618530273438 2.4700000286102294922 2.6500000953674316406 2.8399999141693115234 3.0199999809265136719 3.9000000953674316406 4.8099999427795410156 5.7199997901916503906 6.6300001144409179688 7.5399999618530273438 8.0799999237060546875 8.590000152587890625 9.1099996566772460938 9.6300001144409179688 10.140000343322753906 10.56999969482421875
6.7100000381469726562 5.8899998664855957031 5.0799999237060546875 4.2699999809265136719 3.4700000286102294922 2.6600000858306884766 1.8500000238418579102 1.6100000143051147461 1.3999999761581420898 1.1900000572204589844 0.97000002861022949219 0.75999999046325683594 0.76999998092651367188 0.80000001192092895508 0.81999999284744262695 0.83999997377395629883 0.86000001430511474609 0.88999998569488525391 0.92000001668930053711 0.94999998807907104492 0.98000001907348632812 1.0099999904632568359 1.25 1.4900000095367431641 1.7300000190734863281 1.9800000190734863281 2.2200000286102294922 2.3800001144409179688 2.5299999713897705078 2.6800000667572021484 2.8399999141693115234 2.9900000095367431641 3.7699999809265136719 4.5799999237060546875 5.3899998664855957031 6.1999998092651367188 7 7.590000152587890625 8.1700000762939453125 8.7399997711181640625 9.31999969482421875 9.8900003433227539062 10.420000076293945312
7.1399998664855957031 6.3899998664855957031 5.590000152587890625 4.8000001907348632812 4 3.2000000476837158203 2.4100000858306884766 2.1400001049041748047 1.8899999856948852539 1.6399999856948852539 1.3899999856948852539 1.1399999856948852539 1.0700000524520874023 1.0099999904632568359 0.94999998807907104492 0.88999998569488525391 0.82999998331069946289 0.81999999284744262695 0.81999999284744262695 0.81999999284744262695 0.81999999284744262695 0.81000000238418579102 1.1100000143051147461 1.4199999570846557617 1.7300000190734863281 2.0399999618530273438 2.3599998950958251953 2.4900000095367431641 2.6199998855590820312 2.7400000095367431641 2.8699998855590820312 2.9900000095367431641 3.6600000858306884766 4.340000152587890625 5.0300002098083496094 5.7199997901916503906 6.409999847412109375 7.0500001907348632812 7.6799998283386230469 8.31999969482421875 8.9499998092651367188 9.590000152587890625 10.229999542236328125
7.5700001716613769531 6.8899998664855957031 6.1100001335144042969 5.3200001716613769531 4.5399999618530273438 3.75 2.9700000286102294922 2.6600000858306884766 2.3800001144409179688 2.0899999141693115234 1.8099999427795410156 1.5199999809265136719 1.370000004768371582 1.2300000190734863281 1.0800000429153442383 0.93000000715255737305 0.79000002145767211914 0.75 0.72000002861022949219 0.68000000715255737305 0.64999997615814208984 0.62000000476837158203 0.98000001907348632812 1.3600000143051147461 1.7300000190734863281 2.1099998950958251953 2.4900000095367431641 2.5999999046325683594 2.7000000476837158203 2.7999999523162841797 2.9000000953674316406 3 3.5399999618530273438 4.1100001335144042969 4.6799998283386230469 5.25 5.8200001716613769531 6.5100002288818359375 7.1999998092651367188 7.9000000953674316406 8.590000152587890625 9.2899999618530273438 10.029999732971191406
8 7.3800001144409179688 6.6199998855590820312 5.840000152587890625 5.0700001716613769531 4.3000001907348632812 3.5299999713897705078 3.1900000572204589844 2.8699998855590820312 2.5499999523162841797 2.2300000190734863281 1.8999999761581420898 1.6699999570846557617 1.4400000572204589844 1.2100000381469726562 0.98000001907348632812 0.75 0.68000000715255737305 0.61000001430511474609 0.55000001192092895508 0.47999998927116394043 0.41999998688697814941 0.83999997377395629883 1.2899999618530273438 1.7400000095367431641 2.1800000667572021484 2.6300001144409179688 2.7200000286102294922 2.7899999618530273438 2.8599998950958251953 2.9300000667572021484 3 3.4300000667572021484 3.8800001144409179688 4.3299999237060546875 4.7699999809265136719 5.2199997901916503906 5.9600000381469726562 6.7199997901916503906 7.4699997901916503906 8.229999542236328125 8.979999542236328125 9.840000152587890625
8.43000030517578125 7.8800001144409179688 7.1300001144409179688 6.3699998855590820312 5.6100001335144042969 4.8499999046325683594 4.090000152587890625 3.7100000381469726562 3.3599998950958251953 3 2.6400001049041748047 2.2899999618530273438 1.9700000286102294922 1.6599999666213989258 1.3400000333786010742 1.0299999713897705078 0.72000002861022949219 0.61000001430511474609 0.50999999046325683594 0.40999999642372131348 0.31999999284744262695 0.21999999880790710449 0.70999997854232788086 1.2200000286102294922 1.7400000095367431641 2.25 2.7699999809265136719 2.8299999237060546875 2.8699998855590820312 2.9100000858306884766 2.9600000381469726562 3 3.3099999427795410156 3.6400001049041748047 3.9700000286102294922 4.3000001907348632812 4.6300001144409179688 5.4200000762939453125 6.2399997711181640625 7.0500001907348632812 7.8699998855590820312 8.68000030517578125 9.6400003433227539062
8 7.4200000762939453125 6.7399997711181640625 6.0599999427795410156 5.3800001144409179688 4.6999998092651367188 4.0100002288818359375 3.7599999904632568359 3.5199999809265136719 3.2799999713897705078 3.0499999523162841797 2.8099999427795410156 2.5599999427795410156 2.2999999523162841797 2.0499999523162841797 1.7999999523162841797 1.5399999618530273438 1.4900000095367431641 1.4500000476837158203 1.4099999666213989258 1.370000004768371582 1.3300000429153442383 1.6599999666213989258 2 2.3399999141693115234 2.6800000667572021484 3.0199999809265136719 3.0999999046325683594 3.1600000858306884766 3.2200000286102294922 3.2899999618530273438 3.3499999046325683594 3.6500000953674316406 3.9600000381469726562 4.2699999809265136719 4.590000152587890625 4.9000000953674316406 5.6399998664855957031 6.4000000953674316406 7.159999847412109375 7.9200000762939453125 8.68000030517578125 9.6499996185302734375
7.5 6.8800001144409179688 6.2800002098083496094 5.6900000572204589844 5.090000152587890625 4.4899997711181640625 3.8900001049041748047 3.7699999809265136719 3.6600000858306884766 3.5599999427795410156 3.4500000476837158203 3.3399999141693115234 3.1600000858306884766 2.9800000190734863281 2.7999999523162841797 2.6199998855590820312 2.4400000572204589844 2.4500000476837158203 2.4800000190734863281 2.5 2.5199999809265136719 2.5499999523162841797 2.6900000572204589844 2.8399999141693115234 2.9900000095367431641 3.1400001049041748047 3.2899999618530273438 3.3800001144409179688 3.4700000286102294922 3.5499999523162841797 3.6400001049041748047 3.7300000190734863281 4.0199999809265136719 4.3299999237060546875 4.6300001144409179688 4.9299998283386230469 5.2399997711181640625 5.9200000762939453125 6.6100001335144042969 7.3099999427795410156 8.0100002288818359375 8.6999998092651367188 9.6700000762939453125
