DatosClimaticos/DatosMaxEnt/2023/BIO6_2023.asc
ncols        206
nrows        206
xllcorner    -76.208333333333
yllcorner    4.492353333333
cellsize     0.008330000000
NODATA_value -9999
[rows 133 to 151 of 206, columns 43 to 85 of 206]
17.469999313354492188 17.309999465942382812 17.1399993896484375 16.969999313354492188 16.809999465942382812 16.739999771118164062 16.68000030517578125 16.620000839233398438 16.559999465942382812 16.5 16.670000076293945312 16.840000152587890625 17.020000457763671875 17.200000762939453125 17.370000839233398438 17.520000457763671875 17.670000076293945312 17.809999465942382812 17.95999908447265625 18.1100006103515625 18.079999923706054688 18.049999237060546875 18.010000228881835938 17.979999542236328125 17.950000762939453125 17.809999465942382812 17.670000076293945312 17.530000686645507812 17.3899993896484375 17.25 17.010000228881835938 16.770000457763671875 16.530000686645507812 16.29000091552734375 16.049999237060546875 15.649999618530273438 15.239999771118164062 14.840000152587890625 14.43000030517578125 14.020000457763671875 13.609999656677246094 13.189999580383300781 12.770000457763671875
17.489999771118164062 17.29000091552734375 17.100000381469726562 16.899999618530273438 16.70999908447265625 16.68000030517578125 16.659999847412109375 16.6399993896484375 16.620000839233398438 16.600000381469726562 16.760000228881835938 16.940000534057617188 17.1100006103515625 17.280000686645507812 17.450000762939453125 17.54000091552734375 17.6399993896484375 17.729999542236328125 17.81999969482421875 17.909999847412109375 17.8899993896484375 17.8600006103515625 17.840000152587890625 17.809999465942382812 17.79000091552734375 17.670000076293945312 17.549999237060546875 17.43000030517578125 17.309999465942382812 17.190000534057617188 16.950000762939453125 16.70999908447265625 16.469999313354492188 16.229999542236328125 15.989999771118164062 15.560000419616699219 15.130000114440917969 14.689999580383300781 14.260000228881835938 13.829999923706054688 13.449999809265136719 13.06999969482421875 12.699999809265136719
17.5 17.280000686645507812 17.049999237060546875 16.829999923706054688 16.6100006103515625 16.620000839233398438 16.6399993896484375 16.659999847412109375 16.68000030517578125 16.690000534057617188 16.8600006103515625 17.030000686645507812 17.200000762939453125 17.3600006103515625 17.530000686645507812 17.56999969482421875 17.600000381469726562 17.6399993896484375 17.670000076293945312 17.70999908447265625 17.690000534057617188 17.68000030517578125 17.659999847412109375 17.649999618530273438 17.629999160766601562 17.530000686645507812 17.43000030517578125 17.329999923706054688 17.229999542236328125 17.129999160766601562 16.8899993896484375 16.649999618530273438 16.409999847412109375 16.170000076293945312 15.93000030517578125 15.479999542236328125 15.010000228881835938 14.550000190734863281 14.090000152587890625 13.630000114440917969 13.289999961853027344 12.960000038146972656 12.630000114440917969
17.510000228881835938 17.260000228881835938 17.010000228881835938 16.760000228881835938 16.510000228881835938 16.559999465942382812 16.620000839233398438 16.68000030517578125 16.739999771118164062 16.79000091552734375 16.95999908447265625 17.120000839233398438 17.280000686645507812 17.450000762939453125 17.6100006103515625 17.600000381469726562 17.56999969482421875 17.549999237060546875 17.530000686645507812 17.510000228881835938 17.5 17.489999771118164062 17.489999771118164062 17.479999542236328125 17.469999313354492188 17.3899993896484375 17.309999465942382812 17.229999542236328125 17.149999618530273438 17.06999969482421875 16.829999923706054688 16.590000152587890625 16.350000381469726562 16.1100006103515625 15.869999885559082031 15.390000343322753906 14.899999618530273438 14.409999847412109375 13.920000076293945312 13.43000030517578125 13.130000114440917969 12.850000381469726562 12.560000419616699219
17.520000457763671875 17.25 16.969999313354492188 16.690000534057617188 16.409999847412109375 16.5 16.600000381469726562 16.700000762939453125 16.79000091552734375 16.8899993896484375 17.049999237060546875 17.20999908447265625 17.370000839233398438 17.530000686645507812 17.690000534057617188 17.620000839233398438 17.54000091552734375 17.469999313354492188 17.3899993896484375 17.309999465942382812 17.309999465942382812 17.309999465942382812 17.309999465942382812 17.309999465942382812 17.309999465942382812 17.25 17.190000534057617188 17.129999160766601562 17.06999969482421875 17.010000228881835938 16.770000457763671875 16.530000686645507812 16.29000091552734375 16.049999237060546875 15.810000419616699219 15.300000190734863281 14.779999732971191406 14.260000228881835938 13.75 13.229999542236328125 12.979999542236328125 12.729999542236328125 12.489999771118164062
17.530000686645507812 17.25 16.979999542236328125 16.700000762939453125 16.420000076293945312 16.54000091552734375 16.659999847412109375 16.780000686645507812 16.909999847412109375 17.030000686645507812 17.149999618530273438 17.270000457763671875 17.379999160766601562 17.5 17.620000839233398438 17.549999237060546875 17.469999313354492188 17.399999618530273438 17.31999969482421875 17.25 17.219999313354492188 17.20999908447265625 17.190000534057617188 17.170000076293945312 17.149999618530273438 17.1100006103515625 17.059999465942382812 17.020000457763671875 16.969999313354492188 16.93000030517578125 16.700000762939453125 16.469999313354492188 16.25 16.020000457763671875 15.789999961853027344 15.279999732971191406 14.770000457763671875 14.25 13.729999542236328125 13.220000267028808594 12.970000267028808594 12.739999771118164062 12.5
17.530000686645507812 17.260000228881835938 16.989999771118164062 16.719999313354492188 16.440000534057617188 16.579999923706054688 16.729999542236328125 16.879999160766601562 17.020000457763671875 17.170000076293945312 17.25 17.31999969482421875 17.3899993896484375 17.469999313354492188 17.54000091552734375 17.469999313354492188 17.399999618530273438 17.329999923706054688 17.260000228881835938 17.190000534057617188 17.149999618530273438 17.1100006103515625 17.06999969482421875 17.030000686645507812 16.989999771118164062 16.95999908447265625 16.93000030517578125 16.899999618530273438 16.870000839233398438 16.850000381469726562 16.629999160766601562 16.420000076293945312 16.200000762939453125 15.979999542236328125 15.770000457763671875 15.260000228881835938 14.75 14.239999771118164062 13.729999542236328125 13.220000267028808594 12.979999542236328125 12.739999771118164062 12.510000228881835938
17.54000091552734375 17.270000457763671875 17 16.729999542236328125 16.45999908447265625 16.629999160766601562 16.799999237060546875 16.969999313354492188 17.1399993896484375 17.309999465942382812 17.340000152587890625 17.370000839233398438 17.399999618530273438 17.43000030517578125 17.45999908447265625 17.399999618530273438 17.329999923706054688 17.260000228881835938 17.190000534057617188 17.129999160766601562 17.06999969482421875 17.010000228881835938 16.950000762939453125 16.8899993896484375 16.829999923706054688 16.81999969482421875 16.799999237060546875 16.79000091552734375 16.780000686645507812 16.760000228881835938 16.56999969482421875 16.3600006103515625 16.159999847412109375 15.949999809265136719 15.75 15.25 14.739999771118164062 14.229999542236328125 13.720000267028808594 13.220000267028808594 12.979999542236328125 12.75 12.520000457763671875
17.54000091552734375 17.280000686645507812 17.010000228881835938 16.75 16.479999542236328125 16.670000076293945312 16.8600006103515625 17.059999465942382812 17.25 17.450000762939453125 17.440000534057617188 17.43000030517578125 17.409999847412109375 17.399999618530273438 17.379999160766601562 17.31999969482421875 17.260000228881835938 17.190000534057617188 17.129999160766601562 17.06999969482421875 16.989999771118164062 16.909999847412109375 16.829999923706054688 16.75 16.670000076293945312 16.670000076293945312 16.68000030517578125 16.68000030517578125 16.68000030517578125 16.68000030517578125 16.5 16.299999237060546875 16.1100006103515625 15.920000076293945312 15.729999542236328125 15.229999542236328125 14.729999542236328125 14.220000267028808594 13.720000267028808594 13.220000267028808594 12.979999542236328125 12.760000228881835938 12.529999732971191406
17.54000091552734375 17.280000686645507812 17.020000457763671875 16.760000228881835938 16.5 16.70999908447265625 16.93000030517578125 17.149999618530273438 17.370000839233398438 17.590000152587890625 17.54000091552734375 17.479999542236328125 17.420000076293945312 17.3600006103515625 17.309999465942382812 17.25 17.190000534057617188 17.129999160766601562 17.06999969482421875 17 16.909999847412109375 16.809999465942382812 16.70999908447265625 16.6100006103515625 16.510000228881835938 16.530000686645507812 16.549999237060546875 16.56999969482421875 16.579999923706054688 16.600000381469726562 16.43000030517578125 16.25 16.06999969482421875 15.890000343322753906 15.710000038146972656 15.220000267028808594 14.720000267028808594 14.220000267028808594 13.720000267028808594 13.220000267028808594 12.989999771118164062 12.770000457763671875 12.550000190734863281
17.54000091552734375 17.299999237060546875 17.049999237060546875 16.809999465942382812 16.559999465942382812 16.760000228881835938 16.95999908447265625 17.170000076293945312 17.370000839233398438 17.579999923706054688 17.5 17.409999847412109375 17.31999969482421875 17.239999771118164062 17.149999618530273438 17.1100006103515625 17.06999969482421875 17.030000686645507812 16.989999771118164062 16.940000534057617188 16.850000381469726562 16.760000228881835938 16.670000076293945312 16.579999923706054688 16.479999542236328125 16.489999771118164062 16.489999771118164062 16.5 16.5 16.510000228881835938 16.31999969482421875 16.129999160766601562 15.939999580383300781 15.75 15.560000419616699219 15.079999923706054688 14.590000152587890625 14.100000381469726562 13.609999656677246094 13.119999885559082031 12.859999656677246094 12.600000381469726562 12.340000152587890625
17.54000091552734375 17.309999465942382812 17.079999923706054688 16.850000381469726562 16.620000839233398438 16.799999237060546875 16.989999771118164062 17.18000030517578125 17.370000839233398438 17.559999465942382812 17.450000762939453125 17.329999923706054688 17.219999313354492188 17.1100006103515625 16.989999771118164062 16.969999313354492188 16.950000762939453125 16.93000030517578125 16.909999847412109375 16.879999160766601562 16.799999237060546875 16.719999313354492188 16.629999160766601562 16.549999237060546875 16.45999908447265625 16.450000762939453125 16.440000534057617188 16.43000030517578125 16.420000076293945312 16.409999847412109375 16.20999908447265625 16.010000228881835938 15.800000190734863281 15.600000381469726562 15.399999618530273438 14.93000030517578125 14.449999809265136719 13.970000267028808594 13.5 13.020000457763671875 12.720000267028808594 12.420000076293945312 12.119999885559082031
17.530000686645507812 17.31999969482421875 17.1100006103515625 16.8899993896484375 16.68000030517578125 16.850000381469726562 17.020000457763671875 17.190000534057617188 17.3600006103515625 17.54000091552734375 17.399999618530273438 17.260000228881835938 17.120000839233398438 16.969999313354492188 16.829999923706054688 16.829999923706054688 16.829999923706054688 16.829999923706054688 16.81999969482421875 16.81999969482421875 16.75 16.670000076293945312 16.600000381469726562 16.520000457763671875 16.440000534057617188 16.409999847412109375 16.3899993896484375 16.3600006103515625 16.329999923706054688 16.309999465942382812 16.100000381469726562 15.880000114440917969 15.670000076293945312 15.449999809265136719 15.239999771118164062 14.779999732971191406 14.310000419616699219 13.850000381469726562 13.390000343322753906 12.920000076293945312 12.579999923706054688 12.239999771118164062 11.899999618530273438
17.530000686645507812 17.329999923706054688 17.129999160766601562 16.940000534057617188 16.739999771118164062 16.8899993896484375 17.049999237060546875 17.200000762939453125 17.3600006103515625 17.520000457763671875 17.350000381469726562 17.18000030517578125 17.010000228881835938 16.840000152587890625 16.670000076293945312 16.690000534057617188 16.70999908447265625 16.729999542236328125 16.739999771118164062 16.760000228881835938 16.700000762939453125 16.629999160766601562 16.559999465942382812 16.489999771118164062 16.420000076293945312 16.379999160766601562 16.340000152587890625 16.29000091552734375 16.25 16.20999908447265625 15.989999771118164062 15.760000228881835938 15.529999732971191406 15.300000190734863281 15.079999923706054688 14.630000114440917969 14.18000030517578125 13.729999542236328125 13.270000457763671875 12.81999969482421875 12.439999580383300781 12.060000419616699219 11.689999580383300781
17.520000457763671875 17.340000152587890625 17.159999847412109375 16.979999542236328125 16.799999237060546875 16.93000030517578125 17.079999923706054688 17.219999313354492188 17.3600006103515625 17.5 17.309999465942382812 17.1100006103515625 16.909999847412109375 16.70999908447265625 16.510000228881835938 16.549999237060546875 16.590000152587890625 16.620000839233398438 16.659999847412109375 16.700000762939453125 16.6399993896484375 16.579999923706054688 16.520000457763671875 16.45999908447265625 16.399999618530273438 16.340000152587890625 16.280000686645507812 16.229999542236328125 16.170000076293945312 16.1100006103515625 15.869999885559082031 15.630000114440917969 15.399999618530273438 15.159999847412109375 14.920000076293945312 14.479999542236328125 14.039999961853027344 13.600000381469726562 13.159999847412109375 12.720000267028808594 12.300000190734863281 11.880000114440917969 11.470000267028808594
17.520000457763671875 17.350000381469726562 17.18000030517578125 17.010000228881835938 16.840000152587890625 16.95999908447265625 17.079999923706054688 17.200000762939453125 17.31999969482421875 17.440000534057617188 17.239999771118164062 17.030000686645507812 16.809999465942382812 16.600000381469726562 16.3899993896484375 16.409999847412109375 16.440000534057617188 16.45999908447265625 16.489999771118164062 16.510000228881835938 16.45999908447265625 16.399999618530273438 16.340000152587890625 16.29000091552734375 16.229999542236328125 16.170000076293945312 16.1100006103515625 16.049999237060546875 15.989999771118164062 15.93000030517578125 15.649999618530273438 15.350000381469726562 15.060000419616699219 14.770000457763671875 14.479999542236328125 14.090000152587890625 13.699999809265136719 13.31999969482421875 12.93000030517578125 12.539999961853027344 12.159999847412109375 11.789999961853027344 11.409999847412109375
17.510000228881835938 17.350000381469726562 17.190000534057617188 17.04000091552734375 16.879999160766601562 16.979999542236328125 17.079999923706054688 17.18000030517578125 17.280000686645507812 17.379999160766601562 17.170000076293945312 16.940000534057617188 16.719999313354492188 16.5 16.270000457763671875 16.280000686645507812 16.280000686645507812 16.29000091552734375 16.299999237060546875 16.309999465942382812 16.260000228881835938 16.20999908447265625 16.159999847412109375 16.100000381469726562 16.049999237060546875 15.989999771118164062 15.93000030517578125 15.869999885559082031 15.810000419616699219 15.75 15.409999847412109375 15.060000419616699219 14.720000267028808594 14.369999885559082031 14.020000457763671875 13.689999580383300781 13.359999656677246094 13.020000457763671875 12.689999580383300781 12.359999656677246094 12.029999732971191406 11.689999580383300781 11.359999656677246094
17.5 17.350000381469726562 17.20999908447265625 17.06999969482421875 16.920000076293945312 17 17.079999923706054688 17.159999847412109375 17.239999771118164062 17.31999969482421875 17.090000152587890625 16.8600006103515625 16.620000839233398438 16.3899993896484375 16.149999618530273438 16.1399993896484375 16.129999160766601562 16.129999160766601562 16.120000839233398438 16.1100006103515625 16.06999969482421875 16.020000457763671875 15.970000267028808594 15.920000076293945312 15.869999885559082031 15.810000419616699219 15.75 15.689999580383300781 15.630000114440917969 15.56999969482421875 15.18000030517578125 14.770000457763671875 14.369999885559082031 13.960000038146972656 13.560000419616699219 13.279999732971191406 13.010000228881835938 12.729999542236328125 12.460000038146972656 12.18000030517578125 11.890000343322753906 11.600000381469726562 11.310000419616699219
17.489999771118164062 17.3600006103515625 17.229999542236328125 17.090000152587890625 16.95999908447265625 17.020000457763671875 17.079999923706054688 17.1399993896484375 17.200000762939453125 17.260000228881835938 17.020000457763671875 16.770000457763671875 16.530000686645507812 16.280000686645507812 16.030000686645507812 16 15.979999542236328125 15.960000038146972656 15.939999580383300781 15.909999847412109375 15.869999885559082031 15.81999969482421875 15.779999732971191406 15.739999771118164062 15.689999580383300781 15.630000114440917969 15.56999969482421875 15.510000228881835938 15.449999809265136719 15.390000343322753906 14.939999580383300781 14.479999542236328125 14.020000457763671875 13.560000419616699219 13.100000381469726562 12.880000114440917969 12.659999847412109375 12.439999580383300781 12.220000267028808594 12 11.75 11.510000228881835938 11.260000228881835938
