DatosClimaticos/DatosMaxEnt/2023/BIO7_2023.asc
ncols        206
nrows        206
xllcorner    -76.208333333333
yllcorner    4.492353333333
cellsize     0.008330000000
NODATA_value -9999
[rows 133 to 151 of 206, columns 86 to 128 of 206]
10.529999732971191406 10.43000030517578125 10.329999923706054688 10.239999771118164062 10.159999847412109375 10.06999969482421875 9.979999542236328125 9.9399995803833007812 9.909999847412109375 9.8699998855590820312 9.840000152587890625 9.8000001907348632812 9.7600002288818359375 9.7200002670288085938 9.729999542236328125 9.7799997329711914062 9.81999969482421875 9.81999969482421875 9.8100004196166992188 9.81999969482421875 9.81999969482421875 9.8100004196166992188 9.8000001907348632812 9.8000001907348632812 9.8000001907348632812 9.8100004196166992188 9.81999969482421875 9.8299999237060546875 9.8299999237060546875 9.840000152587890625 9.8500003814697265625 9.8599996566772460938 9.909999847412109375 9.9600000381469726562 10.020000457763671875 10.079999923706054688 10.140000343322753906 10.149999618530273438 10.170000076293945312 10.170000076293945312 10.189999580383300781 10.199999809265136719 10.260000228881835938
10.529999732971191406 10.439999580383300781 10.340000152587890625 10.260000228881835938 10.159999847412109375 10.060000419616699219 9.9600000381469726562 9.93000030517578125 9.8900003433227539062 9.8699998855590820312 9.840000152587890625 9.8000001907348632812 9.7600002288818359375 9.7200002670288085938 9.7600002288818359375 9.8000001907348632812 9.8299999237060546875 9.840000152587890625 9.8299999237060546875 9.840000152587890625 9.840000152587890625 9.840000152587890625 9.8299999237060546875 9.81999969482421875 9.8100004196166992188 9.81999969482421875 9.840000152587890625 9.8599996566772460938 9.8699998855590820312 9.8900003433227539062 9.8999996185302734375 9.909999847412109375 9.9600000381469726562 10.020000457763671875 10.079999923706054688 10.119999885559082031 10.18000030517578125 10.189999580383300781 10.18000030517578125 10.189999580383300781 10.189999580383300781 10.199999809265136719 10.239999771118164062
10.539999961853027344 10.460000038146972656 10.350000381469726562 10.260000228881835938 10.149999618530273438 10.050000190734863281 9.9399995803833007812 9.909999847412109375 9.8900003433227539062 9.8599996566772460938 9.81999969482421875 9.8000001907348632812 9.7600002288818359375 9.7399997711181640625 9.7799997329711914062 9.81999969482421875 9.8599996566772460938 9.8599996566772460938 9.8500003814697265625 9.8599996566772460938 9.8500003814697265625 9.8599996566772460938 9.8500003814697265625 9.840000152587890625 9.840000152587890625 9.8299999237060546875 9.8599996566772460938 9.8800001144409179688 9.8999996185302734375 9.93000030517578125 9.9499998092651367188 9.979999542236328125 10.029999732971191406 10.06999969482421875 10.119999885559082031 10.170000076293945312 10.220000267028808594 10.210000038146972656 10.210000038146972656 10.210000038146972656 10.199999809265136719 10.199999809265136719 10.229999542236328125
10.529999732971191406 10.479999542236328125 10.380000114440917969 10.260000228881835938 10.149999618530273438 10.029999732971191406 9.93000030517578125 9.8900003433227539062 9.8699998855590820312 9.8500003814697265625 9.81999969482421875 9.8000001907348632812 9.770000457763671875 9.7600002288818359375 9.8000001907348632812 9.840000152587890625 9.8800001144409179688 9.8800001144409179688 9.8800001144409179688 9.8699998855590820312 9.8800001144409179688 9.8800001144409179688 9.8800001144409179688 9.8699998855590820312 9.8699998855590820312 9.8599996566772460938 9.8800001144409179688 9.909999847412109375 9.9399995803833007812 9.9700002670288085938 10 10.039999961853027344 10.079999923706054688 10.119999885559082031 10.170000076293945312 10.210000038146972656 10.260000228881835938 10.25 10.229999542236328125 10.220000267028808594 10.210000038146972656 10.199999809265136719 10.210000038146972656
10.539999961853027344 10.5 10.390000343322753906 10.260000228881835938 10.140000343322753906 10.020000457763671875 9.909999847412109375 9.8800001144409179688 9.8599996566772460938 9.840000152587890625 9.81999969482421875 9.8000001907348632812 9.7600002288818359375 9.7799997329711914062 9.8100004196166992188 9.8599996566772460938 9.8999996185302734375 9.8999996185302734375 9.8999996185302734375 9.8999996185302734375 9.8999996185302734375 9.8900003433227539062 9.8999996185302734375 9.8999996185302734375 9.8999996185302734375 9.8999996185302734375 9.8999996185302734375 9.9399995803833007812 9.979999542236328125 10.010000228881835938 10.060000419616699219 10.090000152587890625 10.130000114440917969 10.18000030517578125 10.220000267028808594 10.260000228881835938 10.289999961853027344 10.279999732971191406 10.260000228881835938 10.239999771118164062 10.220000267028808594 10.199999809265136719 10.199999809265136719
10.579999923706054688 10.539999961853027344 10.43000030517578125 10.310000419616699219 10.199999809265136719 10.079999923706054688 9.9600000381469726562 9.93000030517578125 9.8900003433227539062 9.8599996566772460938 9.8299999237060546875 9.8100004196166992188 9.7600002288818359375 9.7600002288818359375 9.8000001907348632812 9.840000152587890625 9.8800001144409179688 9.8800001144409179688 9.8800001144409179688 9.8900003433227539062 9.8999996185302734375 9.8999996185302734375 9.8999996185302734375 9.8900003433227539062 9.8900003433227539062 9.8900003433227539062 9.8800001144409179688 9.8999996185302734375 9.9499998092651367188 9.9899997711181640625 10.029999732971191406 10.079999923706054688 10.119999885559082031 10.170000076293945312 10.210000038146972656 10.25 10.300000190734863281 10.279999732971191406 10.260000228881835938 10.239999771118164062 10.220000267028808594 10.199999809265136719 10.199999809265136719
10.619999885559082031 10.579999923706054688 10.470000267028808594 10.359999656677246094 10.239999771118164062 10.130000114440917969 10.020000457763671875 9.979999542236328125 9.93000030517578125 9.8900003433227539062 9.8500003814697265625 9.8000001907348632812 9.770000457763671875 9.7399997711181640625 9.7799997329711914062 9.8100004196166992188 9.8599996566772460938 9.8699998855590820312 9.8800001144409179688 9.8800001144409179688 9.8900003433227539062 9.8999996185302734375 9.8900003433227539062 9.8900003433227539062 9.8699998855590820312 9.8699998855590820312 9.8599996566772460938 9.8699998855590820312 9.909999847412109375 9.9700002670288085938 10.010000228881835938 10.060000419616699219 10.109999656677246094 10.149999618530273438 10.199999809265136719 10.25 10.300000190734863281 10.279999732971191406 10.260000228881835938 10.239999771118164062 10.220000267028808594 10.199999809265136719 10.189999580383300781
10.659999847412109375 10.619999885559082031 10.520000457763671875 10.399999618530273438 10.300000190734863281 10.18000030517578125 10.079999923706054688 10.020000457763671875 9.9700002670288085938 9.9200000762939453125 9.8500003814697265625 9.8000001907348632812 9.7600002288818359375 9.7200002670288085938 9.7600002288818359375 9.8000001907348632812 9.840000152587890625 9.8599996566772460938 9.8599996566772460938 9.8699998855590820312 9.8900003433227539062 9.8999996185302734375 9.8800001144409179688 9.8800001144409179688 9.8699998855590820312 9.8599996566772460938 9.8500003814697265625 9.840000152587890625 9.8900003433227539062 9.9399995803833007812 9.979999542236328125 10.029999732971191406 10.090000152587890625 10.140000343322753906 10.199999809265136719 10.239999771118164062 10.300000190734863281 10.279999732971191406 10.260000228881835938 10.239999771118164062 10.229999542236328125 10.199999809265136719 10.189999580383300781
10.699999809265136719 10.659999847412109375 10.560000419616699219 10.449999809265136719 10.350000381469726562 10.25 10.140000343322753906 10.06999969482421875 10.010000228881835938 9.93000030517578125 9.8699998855590820312 9.8000001907348632812 9.7600002288818359375 9.7200002670288085938 9.7399997711181640625 9.7799997329711914062 9.81999969482421875 9.840000152587890625 9.8500003814697265625 9.8699998855590820312 9.8800001144409179688 9.8999996185302734375 9.8900003433227539062 9.8699998855590820312 9.8599996566772460938 9.840000152587890625 9.8299999237060546875 9.8299999237060546875 9.8500003814697265625 9.8999996185302734375 9.9600000381469726562 10.010000228881835938 10.06999969482421875 10.130000114440917969 10.18000030517578125 10.239999771118164062 10.300000190734863281 10.279999732971191406 10.260000228881835938 10.25 10.220000267028808594 10.199999809265136719 10.18000030517578125
10.739999771118164062 10.699999809265136719 10.609999656677246094 10.5 10.399999618530273438 10.300000190734863281 10.199999809265136719 10.119999885559082031 10.050000190734863281 9.9600000381469726562 9.8800001144409179688 9.8100004196166992188 9.7600002288818359375 9.729999542236328125 9.7200002670288085938 9.7600002288818359375 9.8000001907348632812 9.81999969482421875 9.840000152587890625 9.8599996566772460938 9.8800001144409179688 9.8900003433227539062 9.8800001144409179688 9.8599996566772460938 9.840000152587890625 9.8299999237060546875 9.8000001907348632812 9.81999969482421875 9.840000152587890625 9.8699998855590820312 9.9399995803833007812 10 10.060000419616699219 10.119999885559082031 10.18000030517578125 10.239999771118164062 10.289999961853027344 10.279999732971191406 10.260000228881835938 10.239999771118164062 10.220000267028808594 10.199999809265136719 10.189999580383300781
10.670000076293945312 10.600000381469726562 10.510000228881835938 10.420000076293945312 10.329999923706054688 10.229999542236328125 10.140000343322753906 10.079999923706054688 10 9.9399995803833007812 9.8699998855590820312 9.8000001907348632812 9.7600002288818359375 9.729999542236328125 9.7399997711181640625 9.7799997329711914062 9.81999969482421875 9.8299999237060546875 9.8500003814697265625 9.8599996566772460938 9.8900003433227539062 9.8999996185302734375 9.8800001144409179688 9.8599996566772460938 9.8500003814697265625 9.81999969482421875 9.8000001907348632812 9.81999969482421875 9.840000152587890625 9.8599996566772460938 9.9200000762939453125 9.979999542236328125 10.039999961853027344 10.090000152587890625 10.140000343322753906 10.199999809265136719 10.260000228881835938 10.239999771118164062 10.229999542236328125 10.199999809265136719 10.18000030517578125 10.170000076293945312 10.149999618530273438
10.579999923706054688 10.510000228881835938 10.420000076293945312 10.340000152587890625 10.25 10.170000076293945312 10.079999923706054688 10.029999732971191406 9.9700002670288085938 9.9200000762939453125 9.8500003814697265625 9.8000001907348632812 9.770000457763671875 9.729999542236328125 9.75 9.8000001907348632812 9.840000152587890625 9.8500003814697265625 9.8599996566772460938 9.8800001144409179688 9.8900003433227539062 9.8999996185302734375 9.8800001144409179688 9.8699998855590820312 9.840000152587890625 9.81999969482421875 9.8000001907348632812 9.81999969482421875 9.840000152587890625 9.8599996566772460938 9.909999847412109375 9.9499998092651367188 10.010000228881835938 10.060000419616699219 10.109999656677246094 10.170000076293945312 10.220000267028808594 10.210000038146972656 10.189999580383300781 10.170000076293945312 10.149999618530273438 10.130000114440917969 10.130000114440917969
10.5 10.409999847412109375 10.329999923706054688 10.25 10.170000076293945312 10.100000381469726562 10.020000457763671875 9.979999542236328125 9.9399995803833007812 9.8900003433227539062 9.8500003814697265625 9.8000001907348632812 9.7799997329711914062 9.7399997711181640625 9.7799997329711914062 9.81999969482421875 9.8599996566772460938 9.8699998855590820312 9.8800001144409179688 9.8800001144409179688 9.8900003433227539062 9.8999996185302734375 9.8800001144409179688 9.8599996566772460938 9.840000152587890625 9.81999969482421875 9.8000001907348632812 9.81999969482421875 9.840000152587890625 9.8599996566772460938 9.8900003433227539062 9.9399995803833007812 9.979999542236328125 10.029999732971191406 10.079999923706054688 10.130000114440917969 10.18000030517578125 10.159999847412109375 10.149999618530273438 10.119999885559082031 10.109999656677246094 10.079999923706054688 10.100000381469726562
10.43000030517578125 10.310000419616699219 10.239999771118164062 10.170000076293945312 10.100000381469726562 10.029999732971191406 9.9600000381469726562 9.93000030517578125 9.8999996185302734375 9.8699998855590820312 9.8299999237060546875 9.8000001907348632812 9.770000457763671875 9.7600002288818359375 9.8000001907348632812 9.8299999237060546875 9.8800001144409179688 9.8800001144409179688 9.8900003433227539062 9.8900003433227539062 9.8999996185302734375 9.8999996185302734375 9.8800001144409179688 9.8599996566772460938 9.840000152587890625 9.81999969482421875 9.8100004196166992188 9.81999969482421875 9.840000152587890625 9.8599996566772460938 9.8800001144409179688 9.9200000762939453125 9.9600000381469726562 10.010000228881835938 10.050000190734863281 10.100000381469726562 10.140000343322753906 10.130000114440917969 10.109999656677246094 10.079999923706054688 10.060000419616699219 10.039999961853027344 10.079999923706054688
10.350000381469726562 10.210000038146972656 10.140000343322753906 10.079999923706054688 10.020000457763671875 9.9600000381469726562 9.8999996185302734375 9.8800001144409179688 9.8599996566772460938 9.840000152587890625 9.81999969482421875 9.8000001907348632812 9.7799997329711914062 9.7799997329711914062 9.81999969482421875 9.8599996566772460938 9.8999996185302734375 9.8999996185302734375 9.8999996185302734375 9.8999996185302734375 9.8999996185302734375 9.8999996185302734375 9.8800001144409179688 9.8599996566772460938 9.840000152587890625 9.8299999237060546875 9.8000001907348632812 9.81999969482421875 9.8299999237060546875 9.8599996566772460938 9.8800001144409179688 9.8999996185302734375 9.9399995803833007812 9.979999542236328125 10.020000457763671875 10.060000419616699219 10.100000381469726562 10.079999923706054688 10.06999969482421875 10.039999961853027344 10.020000457763671875 10 10.060000419616699219
10.369999885559082031 10.239999771118164062 10.170000076293945312 10.109999656677246094 10.039999961853027344 9.9700002670288085938 9.909999847412109375 9.8800001144409179688 9.8500003814697265625 9.8299999237060546875 9.8000001907348632812 9.7799997329711914062 9.75 9.770000457763671875 9.8100004196166992188 9.8299999237060546875 9.8599996566772460938 9.8599996566772460938 9.8599996566772460938 9.8599996566772460938 9.8599996566772460938 9.8800001144409179688 9.8699998855590820312 9.8500003814697265625 9.8500003814697265625 9.8299999237060546875 9.81999969482421875 9.840000152587890625 9.8500003814697265625 9.8800001144409179688 9.8999996185302734375 9.9200000762939453125 9.9399995803833007812 9.9499998092651367188 9.979999542236328125 10.010000228881835938 10.050000190734863281 10.039999961853027344 10.029999732971191406 10.029999732971191406 10.020000457763671875 10.020000457763671875 10.06999969482421875
10.390000343322753906 10.279999732971191406 10.210000038146972656 10.130000114440917969 10.050000190734863281 9.979999542236328125 9.8999996185302734375 9.8699998855590820312 9.840000152587890625 9.81999969482421875 9.7899999618530273438 9.7600002288818359375 9.75 9.770000457763671875 9.7899999618530273438 9.8100004196166992188 9.81999969482421875 9.81999969482421875 9.81999969482421875 9.8299999237060546875 9.8500003814697265625 9.8599996566772460938 9.8500003814697265625 9.8500003814697265625 9.8500003814697265625 9.8500003814697265625 9.840000152587890625 9.8500003814697265625 9.8699998855590820312 9.8999996185302734375 9.9200000762939453125 9.9399995803833007812 9.9499998092651367188 9.9700002670288085938 9.979999542236328125 9.979999542236328125 10 9.9899997711181640625 10 10.020000457763671875 10.029999732971191406 10.039999961853027344 10.079999923706054688
10.409999847412109375 10.31999969482421875 10.229999542236328125 10.149999618530273438 10.06999969482421875 9.9899997711181640625 9.8999996185302734375 9.8699998855590820312 9.840000152587890625 9.8000001907348632812 9.7799997329711914062 9.75 9.770000457763671875 9.770000457763671875 9.7799997329711914062 9.7799997329711914062 9.8000001907348632812 9.8100004196166992188 9.8100004196166992188 9.81999969482421875 9.8299999237060546875 9.8500003814697265625 9.8500003814697265625 9.8500003814697265625 9.8500003814697265625 9.8500003814697265625 9.8599996566772460938 9.8800001144409179688 9.8999996185302734375 9.9200000762939453125 9.9399995803833007812 9.9600000381469726562 9.9700002670288085938 9.979999542236328125 9.979999542236328125 9.9899997711181640625 10 9.9899997711181640625 9.9899997711181640625 10 10.029999732971191406 10.060000419616699219 10.100000381469726562
10.439999580383300781 10.359999656677246094 10.270000457763671875 10.18000030517578125 10.079999923706054688 10 9.8999996185302734375 9.8599996566772460938 9.8299999237060546875 9.8000001907348632812 9.7600002288818359375 9.7799997329711914062 9.770000457763671875 9.7799997329711914062 9.7799997329711914062 9.7899999618530273438 9.8000001907348632812 9.8000001907348632812 9.8100004196166992188 9.8100004196166992188 9.81999969482421875 9.81999969482421875 9.8299999237060546875 9.8500003814697265625 9.8500003814697265625 9.8699998855590820312 9.8800001144409179688 9.8999996185302734375 9.9200000762939453125 9.9399995803833007812 9.9499998092651367188 9.9700002670288085938 9.9899997711181640625 9.9899997711181640625 9.9899997711181640625 9.9899997711181640625 10 9.9899997711181640625 10 9.9899997711181640625 10.029999732971191406 10.06999969482421875 10.109999656677246094
