DatosClimaticos/DatosMaxEnt/2023/BIO7_2023.asc
ncols        206
nrows        206
xllcorner    -76.208333333333
yllcorner    4.492353333333
cellsize     0.008330000000
NODATA_value -9999
[rows 114 to 132 of 206, columns 0 to 42 of 206]
11.060000419616699219 11.060000419616699219 11.060000419616699219 10.949999809265136719 10.850000381469726562 10.75 10.640000343322753906 10.539999961853027344 10.539999961853027344 10.539999961853027344 10.550000190734863281 10.560000419616699219 10.560000419616699219 10.829999923706054688 11.100000381469726562 11.380000114440917969 11.640000343322753906 11.909999847412109375 11.789999961853027344 11.68000030517578125 11.560000419616699219 11.439999580383300781 11.329999923706054688 11.090000152587890625 10.859999656677246094 10.630000114440917969 10.399999618530273438 10.170000076293945312 10.060000419616699219 9.9600000381469726562 9.8599996566772460938 9.7600002288818359375 9.659999847412109375 9.7600002288818359375 9.8599996566772460938 9.9600000381469726562 10.060000419616699219 10.159999847412109375 10.449999809265136719 10.75 11.050000190734863281 11.350000381469726562 11.649999618530273438
10.779999732971191406 10.779999732971191406 10.779999732971191406 10.649999618530273438 10.539999961853027344 10.43000030517578125 10.310000419616699219 10.199999809265136719 10.260000228881835938 10.329999923706054688 10.399999618530273438 10.479999542236328125 10.539999961853027344 10.75 10.970000267028808594 11.18000030517578125 11.390000343322753906 11.609999656677246094 11.539999961853027344 11.479999542236328125 11.409999847412109375 11.350000381469726562 11.289999961853027344 11.029999732971191406 10.789999961853027344 10.539999961853027344 10.300000190734863281 10.039999961853027344 9.9600000381469726562 9.8800001144409179688 9.8000001907348632812 9.7200002670288085938 9.6400003433227539062 9.7399997711181640625 9.840000152587890625 9.9399995803833007812 10.039999961853027344 10.140000343322753906 10.460000038146972656 10.770000457763671875 11.090000152587890625 11.409999847412109375 11.729999542236328125
10.5 10.5 10.5 10.359999656677246094 10.239999771118164062 10.119999885559082031 9.979999542236328125 9.8599996566772460938 9.979999542236328125 10.119999885559082031 10.260000228881835938 10.390000343322753906 10.520000457763671875 10.68000030517578125 10.840000152587890625 11 11.149999618530273438 11.31999969482421875 11.300000190734863281 11.289999961853027344 11.270000457763671875 11.260000228881835938 11.239999771118164062 10.979999542236328125 10.720000267028808594 10.460000038146972656 10.199999809265136719 9.9200000762939453125 9.8599996566772460938 9.8000001907348632812 9.7399997711181640625 9.68000030517578125 9.6199998855590820312 9.7200002670288085938 9.81999969482421875 9.9200000762939453125 10.010000228881835938 10.119999885559082031 10.449999809265136719 10.800000190734863281 11.140000343322753906 11.470000267028808594 11.810000419616699219
10.220000267028808594 10.220000267028808594 10.220000267028808594 10.06999969482421875 9.9399995803833007812 9.8000001907348632812 9.6499996185302734375 9.520000457763671875 9.7100000381469726562 9.909999847412109375 10.109999656677246094 10.310000419616699219 10.5 10.609999656677246094 10.699999809265136719 10.810000419616699219 10.909999847412109375 11.020000457763671875 11.050000190734863281 11.090000152587890625 11.119999885559082031 11.170000076293945312 11.199999809265136719 10.920000076293945312 10.649999618530273438 10.369999885559082031 10.090000152587890625 9.8000001907348632812 9.7600002288818359375 9.7200002670288085938 9.68000030517578125 9.6400003433227539062 9.6000003814697265625 9.6999998092651367188 9.8000001907348632812 9.8999996185302734375 10 10.100000381469726562 10.460000038146972656 10.81999969482421875 11.170000076293945312 11.529999732971191406 11.890000343322753906
10.130000114440917969 10.130000114440917969 10.130000114440917969 10.010000228881835938 9.8900003433227539062 9.7799997329711914062 9.6700000762939453125 9.5600004196166992188 9.7200002670288085938 9.8800001144409179688 10.029999732971191406 10.189999580383300781 10.350000381469726562 10.43000030517578125 10.510000228881835938 10.590000152587890625 10.670000076293945312 10.75 10.810000419616699219 10.869999885559082031 10.920000076293945312 10.979999542236328125 11.029999732971191406 10.800000190734863281 10.560000419616699219 10.329999923706054688 10.090000152587890625 9.8599996566772460938 9.8100004196166992188 9.770000457763671875 9.7100000381469726562 9.6700000762939453125 9.6199998855590820312 9.75 9.8800001144409179688 10.010000228881835938 10.140000343322753906 10.270000457763671875 10.56999969482421875 10.880000114440917969 11.18000030517578125 11.489999771118164062 11.800000190734863281
10.050000190734863281 10.050000190734863281 10.050000190734863281 9.9600000381469726562 9.8699998855590820312 9.7899999618530273438 9.6999998092651367188 9.6199998855590820312 9.729999542236328125 9.840000152587890625 9.9600000381469726562 10.06999969482421875 10.189999580383300781 10.239999771118164062 10.310000419616699219 10.369999885559082031 10.43000030517578125 10.489999771118164062 10.560000419616699219 10.640000343322753906 10.699999809265136719 10.779999732971191406 10.850000381469726562 10.670000076293945312 10.479999542236328125 10.300000190734863281 10.100000381469726562 9.909999847412109375 9.8699998855590820312 9.8100004196166992188 9.75 9.6899995803833007812 9.6400003433227539062 9.8000001907348632812 9.9600000381469726562 10.130000114440917969 10.289999961853027344 10.449999809265136719 10.699999809265136719 10.939999580383300781 11.199999809265136719 11.449999809265136719 11.699999809265136719
9.9700002670288085938 9.9700002670288085938 9.9700002670288085938 9.909999847412109375 9.8500003814697265625 9.7899999618530273438 9.729999542236328125 9.68000030517578125 9.7399997711181640625 9.81999969482421875 9.8900003433227539062 9.9600000381469726562 10.029999732971191406 10.06999969482421875 10.109999656677246094 10.149999618530273438 10.189999580383300781 10.239999771118164062 10.31999969482421875 10.409999847412109375 10.489999771118164062 10.579999923706054688 10.670000076293945312 10.539999961853027344 10.390000343322753906 10.25 10.119999885559082031 9.979999542236328125 9.909999847412109375 9.8500003814697265625 9.7899999618530273438 9.7200002670288085938 9.659999847412109375 9.8500003814697265625 10.050000190734863281 10.229999542236328125 10.43000030517578125 10.630000114440917969 10.81999969482421875 11.020000457763671875 11.210000038146972656 11.409999847412109375 11.600000381469726562
9.8900003433227539062 9.8900003433227539062 9.8900003433227539062 9.8599996566772460938 9.81999969482421875 9.8000001907348632812 9.7600002288818359375 9.7399997711181640625 9.7600002288818359375 9.7899999618530273438 9.81999969482421875 9.840000152587890625 9.8699998855590820312 9.8900003433227539062 9.909999847412109375 9.93000030517578125 9.9499998092651367188 9.979999542236328125 10.06999969482421875 10.18000030517578125 10.279999732971191406 10.390000343322753906 10.479999542236328125 10.399999618530273438 10.310000419616699219 10.220000267028808594 10.130000114440917969 10.039999961853027344 9.9700002670288085938 9.8900003433227539062 9.8299999237060546875 9.75 9.68000030517578125 9.8999996185302734375 10.130000114440917969 10.350000381469726562 10.579999923706054688 10.810000419616699219 10.949999809265136719 11.079999923706054688 11.220000267028808594 11.359999656677246094 11.5
9.8100004196166992188 9.8100004196166992188 9.8100004196166992188 9.8000001907348632812 9.8000001907348632812 9.8000001907348632812 9.8000001907348632812 9.8000001907348632812 9.7799997329711914062 9.7600002288818359375 9.7399997711181640625 9.729999542236328125 9.7100000381469726562 9.7100000381469726562 9.7100000381469726562 9.7100000381469726562 9.7200002670288085938 9.7200002670288085938 9.8299999237060546875 9.9499998092651367188 10.06999969482421875 10.189999580383300781 10.300000190734863281 10.260000228881835938 10.229999542236328125 10.18000030517578125 10.140000343322753906 10.100000381469726562 10.010000228881835938 9.9399995803833007812 9.8599996566772460938 9.7799997329711914062 9.6999998092651367188 9.9499998092651367188 10.210000038146972656 10.470000267028808594 10.729999542236328125 10.989999771118164062 11.06999969482421875 11.159999847412109375 11.239999771118164062 11.31999969482421875 11.399999618530273438
9.81999969482421875 9.81999969482421875 9.81999969482421875 9.81999969482421875 9.8100004196166992188 9.8100004196166992188 9.8100004196166992188 9.8000001907348632812 9.7799997329711914062 9.7799997329711914062 9.770000457763671875 9.75 9.7399997711181640625 9.7399997711181640625 9.7399997711181640625 9.7399997711181640625 9.7399997711181640625 9.7399997711181640625 9.8299999237060546875 9.909999847412109375 10 10.090000152587890625 10.189999580383300781 10.170000076293945312 10.149999618530273438 10.130000114440917969 10.119999885559082031 10.100000381469726562 10.029999732971191406 9.9600000381469726562 9.8900003433227539062 9.8299999237060546875 9.7600002288818359375 10.039999961853027344 10.31999969482421875 10.600000381469726562 10.890000343322753906 11.170000076293945312 11.260000228881835938 11.340000152587890625 11.43000030517578125 11.5 11.590000152587890625
9.840000152587890625 9.840000152587890625 9.840000152587890625 9.8299999237060546875 9.81999969482421875 9.81999969482421875 9.8000001907348632812 9.8000001907348632812 9.8000001907348632812 9.7899999618530273438 9.7799997329711914062 9.7799997329711914062 9.770000457763671875 9.7799997329711914062 9.7799997329711914062 9.7799997329711914062 9.770000457763671875 9.7799997329711914062 9.840000152587890625 9.8900003433227539062 9.9499998092651367188 10.010000228881835938 10.06999969482421875 10.079999923706054688 10.079999923706054688 10.079999923706054688 10.100000381469726562 10.100000381469726562 10.039999961853027344 9.979999542236328125 9.9399995803833007812 9.8800001144409179688 9.81999969482421875 10.119999885559082031 10.43000030517578125 10.729999542236328125 11.039999961853027344 11.350000381469726562 11.439999580383300781 11.529999732971191406 11.609999656677246094 11.699999809265136719 11.789999961853027344
9.8599996566772460938 9.8599996566772460938 9.8599996566772460938 9.840000152587890625 9.8299999237060546875 9.81999969482421875 9.8100004196166992188 9.8000001907348632812 9.8100004196166992188 9.8000001907348632812 9.8100004196166992188 9.81999969482421875 9.81999969482421875 9.81999969482421875 9.8100004196166992188 9.81999969482421875 9.81999969482421875 9.8100004196166992188 9.840000152587890625 9.8699998855590820312 9.8900003433227539062 9.9200000762939453125 9.9499998092651367188 9.979999542236328125 10.010000228881835938 10.039999961853027344 10.060000419616699219 10.100000381469726562 10.060000419616699219 10.010000228881835938 9.9700002670288085938 9.9200000762939453125 9.8800001144409179688 10.199999809265136719 10.539999961853027344 10.869999885559082031 11.199999809265136719 11.529999732971191406 11.619999885559082031 11.720000267028808594 11.800000190734863281 11.890000343322753906 11.989999771118164062
9.8800001144409179688 9.8800001144409179688 9.8800001144409179688 9.8599996566772460938 9.8500003814697265625 9.8299999237060546875 9.81999969482421875 9.8000001907348632812 9.8100004196166992188 9.81999969482421875 9.840000152587890625 9.8500003814697265625 9.8599996566772460938 9.8599996566772460938 9.8599996566772460938 9.8500003814697265625 9.8599996566772460938 9.8500003814697265625 9.8500003814697265625 9.8500003814697265625 9.840000152587890625 9.8299999237060546875 9.8299999237060546875 9.8800001144409179688 9.9399995803833007812 9.9899997711181640625 10.039999961853027344 10.100000381469726562 10.06999969482421875 10.029999732971191406 10.010000228881835938 9.9700002670288085938 9.93000030517578125 10.289999961853027344 10.640000343322753906 11 11.350000381469726562 11.710000038146972656 11.810000419616699219 11.909999847412109375 11.989999771118164062 12.090000152587890625 12.189999580383300781
9.8999996185302734375 9.8999996185302734375 9.8999996185302734375 9.8800001144409179688 9.8599996566772460938 9.840000152587890625 9.81999969482421875 9.8000001907348632812 9.81999969482421875 9.8299999237060546875 9.8599996566772460938 9.8800001144409179688 9.8999996185302734375 9.8900003433227539062 9.8999996185302734375 9.8999996185302734375 9.8999996185302734375 9.8900003433227539062 9.8599996566772460938 9.81999969482421875 9.7899999618530273438 9.7399997711181640625 9.7100000381469726562 9.7799997329711914062 9.8699998855590820312 9.9399995803833007812 10.020000457763671875 10.100000381469726562 10.079999923706054688 10.050000190734863281 10.039999961853027344 10.020000457763671875 9.9899997711181640625 10.369999885559082031 10.75 11.130000114440917969 11.510000228881835938 11.890000343322753906 11.989999771118164062 12.079999923706054688 12.189999580383300781 12.289999961853027344 12.390000343322753906
10.050000190734863281 10.050000190734863281 10.050000190734863281 10 9.9499998092651367188 9.8999996185302734375 9.8500003814697265625 9.8000001907348632812 9.81999969482421875 9.8299999237060546875 9.8500003814697265625 9.8599996566772460938 9.8900003433227539062 9.8800001144409179688 9.8800001144409179688 9.8900003433227539062 9.8800001144409179688 9.8800001144409179688 9.8500003814697265625 9.8100004196166992188 9.7799997329711914062 9.7600002288818359375 9.7200002670288085938 9.8000001907348632812 9.8800001144409179688 9.9600000381469726562 10.029999732971191406 10.119999885559082031 10.130000114440917969 10.140000343322753906 10.149999618530273438 10.159999847412109375 10.170000076293945312 10.529999732971191406 10.880000114440917969 11.25 11.609999656677246094 11.970000267028808594 12.06999969482421875 12.170000076293945312 12.270000457763671875 12.369999885559082031 12.470000267028808594
10.210000038146972656 10.210000038146972656 10.210000038146972656 10.130000114440917969 10.050000190734863281 9.9600000381469726562 9.8800001144409179688 9.8000001907348632812 9.8100004196166992188 9.8299999237060546875 9.840000152587890625 9.8500003814697265625 9.8599996566772460938 9.8599996566772460938 9.8599996566772460938 9.8699998855590820312 9.8599996566772460938 9.8599996566772460938 9.8299999237060546875 9.81999969482421875 9.7899999618530273438 9.7600002288818359375 9.7399997711181640625 9.81999969482421875 9.8999996185302734375 9.9700002670288085938 10.060000419616699219 10.140000343322753906 10.18000030517578125 10.220000267028808594 10.270000457763671875 10.310000419616699219 10.350000381469726562 10.689999580383300781 11.029999732971191406 11.359999656677246094 11.710000038146972656 12.050000190734863281 12.149999618530273438 12.25 12.350000381469726562 12.449999809265136719 12.550000190734863281
10.369999885559082031 10.369999885559082031 10.369999885559082031 10.260000228881835938 10.149999618530273438 10.020000457763671875 9.909999847412109375 9.8000001907348632812 9.8100004196166992188 9.81999969482421875 9.8299999237060546875 9.8299999237060546875 9.840000152587890625 9.840000152587890625 9.840000152587890625 9.840000152587890625 9.840000152587890625 9.840000152587890625 9.81999969482421875 9.8100004196166992188 9.8000001907348632812 9.770000457763671875 9.7600002288818359375 9.8299999237060546875 9.9200000762939453125 10 10.079999923706054688 10.159999847412109375 10.239999771118164062 10.310000419616699219 10.380000114440917969 10.460000038146972656 10.529999732971191406 10.840000152587890625 11.170000076293945312 11.489999771118164062 11.810000419616699219 12.130000114440917969 12.229999542236328125 12.329999923706054688 12.43000030517578125 12.529999732971191406 12.630000114440917969
10.529999732971191406 10.529999732971191406 10.529999732971191406 10.380000114440917969 10.239999771118164062 10.090000152587890625 9.9399995803833007812 9.8000001907348632812 9.8100004196166992188 9.8100004196166992188 9.8100004196166992188 9.81999969482421875 9.81999969482421875 9.81999969482421875 9.81999969482421875 9.81999969482421875 9.81999969482421875 9.81999969482421875 9.81999969482421875 9.8000001907348632812 9.7899999618530273438 9.7899999618530273438 9.7799997329711914062 9.8599996566772460938 9.9399995803833007812 10.020000457763671875 10.100000381469726562 10.18000030517578125 10.279999732971191406 10.390000343322753906 10.5 10.600000381469726562 10.710000038146972656 11.010000228881835938 11.310000419616699219 11.609999656677246094 11.909999847412109375 12.210000038146972656 12.310000419616699219 12.409999847412109375 12.510000228881835938 12.609999656677246094 12.710000038146972656
10.689999580383300781 10.689999580383300781 10.689999580383300781 10.510000228881835938 10.340000152587890625 10.159999847412109375 9.979999542236328125 9.8000001907348632812 9.8000001907348632812 9.8000001907348632812 9.8000001907348632812 9.8000001907348632812 9.8000001907348632812 9.8000001907348632812 9.8000001907348632812 9.8000001907348632812 9.8000001907348632812 9.8000001907348632812 9.8000001907348632812 9.8000001907348632812 9.8000001907348632812 9.8000001907348632812 9.8000001907348632812 9.8800001144409179688 9.9600000381469726562 10.039999961853027344 10.119999885559082031 10.199999809265136719 10.340000152587890625 10.470000267028808594 10.609999656677246094 10.75 10.890000343322753906 11.170000076293945312 11.449999809265136719 11.729999542236328125 12.010000228881835938 12.289999961853027344 12.390000343322753906 12.489999771118164062 12.590000152587890625 12.689999580383300781 12.789999961853027344
