DatosClimaticos/DatosMaxEnt/2023/BIO7_2023.asc
ncols        206
nrows        206
xllcorner    -76.208333333333
yllcorner    4.492353333333
cellsize     0.008330000000
NODATA_value -9999
[rows 133 to 151 of 206, columns 43 to 85 of 206]
12.710000038146972656 12.600000381469726562 12.489999771118164062 12.380000114440917969 12.260000228881835938 12.260000228881835938 12.25 12.25 12.239999771118164062 12.229999542236328125 12.329999923706054688 12.43000030517578125 12.520000457763671875 12.619999885559082031 12.720000267028808594 12.689999580383300781 12.670000076293945312 12.649999618530273438 12.619999885559082031 12.600000381469726562 12.579999923706054688 12.560000419616699219 12.539999961853027344 12.520000457763671875 12.5 12.479999542236328125 12.460000038146972656 12.439999580383300781 12.420000076293945312 12.399999618530273438 12.310000419616699219 12.210000038146972656 12.109999656677246094 12.020000457763671875 11.920000076293945312 11.729999542236328125 11.539999961853027344 11.340000152587890625 11.149999618530273438 10.949999809265136719 10.840000152587890625 10.739999771118164062 10.630000114440917969
12.710000038146972656 12.600000381469726562 12.470000267028808594 12.350000381469726562 12.220000267028808594 12.239999771118164062 12.25 12.25 12.260000228881835938 12.270000457763671875 12.369999885559082031 12.460000038146972656 12.550000190734863281 12.640000343322753906 12.739999771118164062 12.720000267028808594 12.68000030517578125 12.649999618530273438 12.630000114440917969 12.600000381469726562 12.579999923706054688 12.560000419616699219 12.539999961853027344 12.520000457763671875 12.5 12.479999542236328125 12.460000038146972656 12.439999580383300781 12.420000076293945312 12.399999618530273438 12.310000419616699219 12.220000267028808594 12.130000114440917969 12.029999732971191406 11.939999580383300781 11.739999771118164062 11.520000457763671875 11.31999969482421875 11.100000381469726562 10.890000343322753906 10.800000190734863281 10.710000038146972656 10.619999885559082031
12.729999542236328125 12.590000152587890625 12.460000038146972656 12.31999969482421875 12.18000030517578125 12.210000038146972656 12.239999771118164062 12.260000228881835938 12.289999961853027344 12.31999969482421875 12.399999618530273438 12.489999771118164062 12.579999923706054688 12.670000076293945312 12.760000228881835938 12.729999542236328125 12.699999809265136719 12.659999847412109375 12.640000343322753906 12.600000381469726562 12.590000152587890625 12.560000419616699219 12.539999961853027344 12.520000457763671875 12.5 12.479999542236328125 12.460000038146972656 12.439999580383300781 12.420000076293945312 12.399999618530273438 12.310000419616699219 12.229999542236328125 12.140000343322753906 12.050000190734863281 11.960000038146972656 11.729999542236328125 11.510000228881835938 11.289999961853027344 11.060000419616699219 10.829999923706054688 10.75 10.68000030517578125 10.609999656677246094
12.739999771118164062 12.590000152587890625 12.439999580383300781 12.289999961853027344 12.149999618530273438 12.189999580383300781 12.229999542236328125 12.270000457763671875 12.310000419616699219 12.359999656677246094 12.439999580383300781 12.520000457763671875 12.609999656677246094 12.689999580383300781 12.779999732971191406 12.739999771118164062 12.710000038146972656 12.68000030517578125 12.640000343322753906 12.600000381469726562 12.579999923706054688 12.560000419616699219 12.539999961853027344 12.520000457763671875 12.5 12.479999542236328125 12.460000038146972656 12.439999580383300781 12.420000076293945312 12.399999618530273438 12.31999969482421875 12.229999542236328125 12.149999618530273438 12.06999969482421875 11.979999542236328125 11.739999771118164062 11.5 11.260000228881835938 11.010000228881835938 10.770000457763671875 10.710000038146972656 10.649999618530273438 10.600000381469726562
12.75 12.579999923706054688 12.420000076293945312 12.260000228881835938 12.109999656677246094 12.159999847412109375 12.220000267028808594 12.279999732971191406 12.340000152587890625 12.399999618530273438 12.479999542236328125 12.560000419616699219 12.640000343322753906 12.720000267028808594 12.800000190734863281 12.760000228881835938 12.720000267028808594 12.68000030517578125 12.640000343322753906 12.600000381469726562 12.579999923706054688 12.560000419616699219 12.539999961853027344 12.520000457763671875 12.5 12.479999542236328125 12.460000038146972656 12.439999580383300781 12.420000076293945312 12.399999618530273438 12.31999969482421875 12.239999771118164062 12.159999847412109375 12.079999923706054688 12 11.75 11.489999771118164062 11.229999542236328125 10.970000267028808594 10.710000038146972656 10.659999847412109375 10.630000114440917969 10.579999923706054688
12.770000457763671875 12.619999885559082031 12.460000038146972656 12.310000419616699219 12.159999847412109375 12.220000267028808594 12.279999732971191406 12.350000381469726562 12.409999847412109375 12.470000267028808594 12.529999732971191406 12.579999923706054688 12.640000343322753906 12.689999580383300781 12.739999771118164062 12.710000038146972656 12.68000030517578125 12.640000343322753906 12.619999885559082031 12.579999923706054688 12.56999969482421875 12.539999961853027344 12.520000457763671875 12.5 12.479999542236328125 12.460000038146972656 12.439999580383300781 12.420000076293945312 12.399999618530273438 12.380000114440917969 12.310000419616699219 12.229999542236328125 12.149999618530273438 12.079999923706054688 12 11.760000228881835938 11.5 11.25 11 10.739999771118164062 10.699999809265136719 10.649999618530273438 10.619999885559082031
12.800000190734863281 12.649999618530273438 12.510000228881835938 12.359999656677246094 12.220000267028808594 12.289999961853027344 12.350000381469726562 12.409999847412109375 12.489999771118164062 12.550000190734863281 12.579999923706054688 12.609999656677246094 12.640000343322753906 12.659999847412109375 12.689999580383300781 12.659999847412109375 12.640000343322753906 12.609999656677246094 12.579999923706054688 12.560000419616699219 12.539999961853027344 12.520000457763671875 12.5 12.479999542236328125 12.460000038146972656 12.439999580383300781 12.420000076293945312 12.399999618530273438 12.390000343322753906 12.359999656677246094 12.300000190734863281 12.220000267028808594 12.149999618530273438 12.079999923706054688 12 11.770000457763671875 11.520000457763671875 11.279999732971191406 11.029999732971191406 10.779999732971191406 10.729999542236328125 10.699999809265136719 10.659999847412109375
12.81999969482421875 12.689999580383300781 12.550000190734863281 12.420000076293945312 12.279999732971191406 12.340000152587890625 12.420000076293945312 12.489999771118164062 12.560000419616699219 12.630000114440917969 12.640000343322753906 12.630000114440917969 12.630000114440917969 12.630000114440917969 12.630000114440917969 12.609999656677246094 12.590000152587890625 12.579999923706054688 12.560000419616699219 12.539999961853027344 12.520000457763671875 12.5 12.479999542236328125 12.460000038146972656 12.439999580383300781 12.420000076293945312 12.409999847412109375 12.380000114440917969 12.359999656677246094 12.350000381469726562 12.270000457763671875 12.210000038146972656 12.140000343322753906 12.06999969482421875 12 11.770000457763671875 11.539999961853027344 11.300000190734863281 11.06999969482421875 10.81999969482421875 10.779999732971191406 10.739999771118164062 10.699999809265136719
12.850000381469726562 12.720000267028808594 12.600000381469726562 12.470000267028808594 12.340000152587890625 12.409999847412109375 12.489999771118164062 12.560000419616699219 12.640000343322753906 12.710000038146972656 12.68000030517578125 12.649999618530273438 12.630000114440917969 12.590000152587890625 12.56999969482421875 12.560000419616699219 12.539999961853027344 12.539999961853027344 12.529999732971191406 12.520000457763671875 12.5 12.479999542236328125 12.460000038146972656 12.439999580383300781 12.420000076293945312 12.399999618530273438 12.380000114440917969 12.359999656677246094 12.340000152587890625 12.329999923706054688 12.260000228881835938 12.199999809265136719 12.130000114440917969 12.06999969482421875 12 11.779999732971191406 11.550000190734863281 11.329999923706054688 11.090000152587890625 10.859999656677246094 10.81999969482421875 10.779999732971191406 10.739999771118164062
12.880000114440917969 12.760000228881835938 12.640000343322753906 12.520000457763671875 12.399999618530273438 12.479999542236328125 12.560000419616699219 12.630000114440917969 12.710000038146972656 12.789999961853027344 12.729999542236328125 12.68000030517578125 12.619999885559082031 12.56999969482421875 12.5 12.5 12.5 12.5 12.5 12.510000228881835938 12.479999542236328125 12.460000038146972656 12.439999580383300781 12.420000076293945312 12.399999618530273438 12.380000114440917969 12.359999656677246094 12.340000152587890625 12.329999923706054688 12.310000419616699219 12.239999771118164062 12.18000030517578125 12.119999885559082031 12.060000419616699219 12 11.779999732971191406 11.560000419616699219 11.340000152587890625 11.119999885559082031 10.899999618530273438 10.859999656677246094 10.81999969482421875 10.779999732971191406
12.880000114440917969 12.760000228881835938 12.640000343322753906 12.520000457763671875 12.399999618530273438 12.470000267028808594 12.550000190734863281 12.619999885559082031 12.710000038146972656 12.779999732971191406 12.720000267028808594 12.659999847412109375 12.600000381469726562 12.529999732971191406 12.460000038146972656 12.460000038146972656 12.470000267028808594 12.470000267028808594 12.470000267028808594 12.489999771118164062 12.470000267028808594 12.449999809265136719 12.43000030517578125 12.409999847412109375 12.399999618530273438 12.380000114440917969 12.359999656677246094 12.340000152587890625 12.31999969482421875 12.300000190734863281 12.229999542236328125 12.159999847412109375 12.090000152587890625 12.010000228881835938 11.939999580383300781 11.739999771118164062 11.529999732971191406 11.31999969482421875 11.119999885559082031 10.909999847412109375 10.840000152587890625 10.779999732971191406 10.729999542236328125
12.880000114440917969 12.760000228881835938 12.640000343322753906 12.520000457763671875 12.399999618530273438 12.470000267028808594 12.539999961853027344 12.609999656677246094 12.689999580383300781 12.760000228881835938 12.689999580383300781 12.630000114440917969 12.560000419616699219 12.489999771118164062 12.43000030517578125 12.43000030517578125 12.439999580383300781 12.439999580383300781 12.449999809265136719 12.460000038146972656 12.449999809265136719 12.43000030517578125 12.43000030517578125 12.409999847412109375 12.399999618530273438 12.380000114440917969 12.359999656677246094 12.340000152587890625 12.31999969482421875 12.300000190734863281 12.220000267028808594 12.130000114440917969 12.050000190734863281 11.970000267028808594 11.880000114440917969 11.689999580383300781 11.5 11.300000190734863281 11.100000381469726562 10.909999847412109375 10.81999969482421875 10.75 10.670000076293945312
12.880000114440917969 12.760000228881835938 12.640000343322753906 12.529999732971191406 12.399999618530273438 12.460000038146972656 12.529999732971191406 12.609999656677246094 12.68000030517578125 12.739999771118164062 12.670000076293945312 12.600000381469726562 12.520000457763671875 12.460000038146972656 12.390000343322753906 12.390000343322753906 12.399999618530273438 12.409999847412109375 12.43000030517578125 12.439999580383300781 12.43000030517578125 12.43000030517578125 12.409999847412109375 12.409999847412109375 12.399999618530273438 12.390000343322753906 12.359999656677246094 12.340000152587890625 12.31999969482421875 12.300000190734863281 12.199999809265136719 12.109999656677246094 12.010000228881835938 11.920000076293945312 11.81999969482421875 11.640000343322753906 11.460000038146972656 11.279999732971191406 11.090000152587890625 10.909999847412109375 10.800000190734863281 10.710000038146972656 10.609999656677246094
12.880000114440917969 12.760000228881835938 12.649999618530273438 12.520000457763671875 12.399999618530273438 12.460000038146972656 12.520000457763671875 12.600000381469726562 12.659999847412109375 12.720000267028808594 12.649999618530273438 12.579999923706054688 12.5 12.420000076293945312 12.350000381469726562 12.359999656677246094 12.369999885559082031 12.380000114440917969 12.409999847412109375 12.420000076293945312 12.409999847412109375 12.409999847412109375 12.409999847412109375 12.409999847412109375 12.399999618530273438 12.380000114440917969 12.359999656677246094 12.340000152587890625 12.31999969482421875 12.300000190734863281 12.189999580383300781 12.090000152587890625 11.979999542236328125 11.880000114440917969 11.760000228881835938 11.600000381469726562 11.420000076293945312 11.25 11.079999923706054688 10.909999847412109375 10.789999961853027344 10.670000076293945312 10.539999961853027344
12.890000343322753906 12.760000228881835938 12.640000343322753906 12.520000457763671875 12.399999618530273438 12.460000038146972656 12.510000228881835938 12.579999923706054688 12.640000343322753906 12.699999809265136719 12.619999885559082031 12.539999961853027344 12.460000038146972656 12.390000343322753906 12.310000419616699219 12.31999969482421875 12.340000152587890625 12.369999885559082031 12.380000114440917969 12.399999618530273438 12.409999847412109375 12.399999618530273438 12.399999618530273438 12.399999618530273438 12.399999618530273438 12.380000114440917969 12.369999885559082031 12.340000152587890625 12.31999969482421875 12.300000190734863281 12.189999580383300781 12.06999969482421875 11.939999580383300781 11.81999969482421875 11.699999809265136719 11.550000190734863281 11.390000343322753906 11.229999542236328125 11.06999969482421875 10.909999847412109375 10.770000457763671875 10.630000114440917969 10.489999771118164062
12.899999618530273438 12.789999961853027344 12.670000076293945312 12.560000419616699219 12.439999580383300781 12.489999771118164062 12.539999961853027344 12.590000152587890625 12.649999618530273438 12.699999809265136719 12.600000381469726562 12.510000228881835938 12.420000076293945312 12.329999923706054688 12.229999542236328125 12.25 12.260000228881835938 12.289999961853027344 12.300000190734863281 12.329999923706054688 12.31999969482421875 12.31999969482421875 12.31999969482421875 12.310000419616699219 12.310000419616699219 12.289999961853027344 12.270000457763671875 12.25 12.229999542236328125 12.210000038146972656 12.06999969482421875 11.939999580383300781 11.810000419616699219 11.670000076293945312 11.529999732971191406 11.399999618530273438 11.270000457763671875 11.130000114440917969 11 10.869999885559082031 10.75 10.609999656677246094 10.489999771118164062
12.93000030517578125 12.81999969482421875 12.710000038146972656 12.590000152587890625 12.479999542236328125 12.520000457763671875 12.560000419616699219 12.609999656677246094 12.649999618530273438 12.699999809265136719 12.590000152587890625 12.479999542236328125 12.369999885559082031 12.25 12.149999618530273438 12.159999847412109375 12.189999580383300781 12.210000038146972656 12.229999542236328125 12.25 12.239999771118164062 12.229999542236328125 12.220000267028808594 12.220000267028808594 12.210000038146972656 12.189999580383300781 12.170000076293945312 12.149999618530273438 12.130000114440917969 12.109999656677246094 11.960000038146972656 11.810000419616699219 11.649999618530273438 11.5 11.350000381469726562 11.239999771118164062 11.140000343322753906 11.039999961853027344 10.93000030517578125 10.829999923706054688 10.710000038146972656 10.609999656677246094 10.5
12.949999809265136719 12.850000381469726562 12.739999771118164062 12.619999885559082031 12.520000457763671875 12.550000190734863281 12.590000152587890625 12.630000114440917969 12.659999847412109375 12.699999809265136719 12.579999923706054688 12.449999809265136719 12.31999969482421875 12.189999580383300781 12.06999969482421875 12.079999923706054688 12.109999656677246094 12.119999885559082031 12.140000343322753906 12.170000076293945312 12.149999618530273438 12.140000343322753906 12.130000114440917969 12.119999885559082031 12.109999656677246094 12.090000152587890625 12.06999969482421875 12.050000190734863281 12.029999732971191406 12.010000228881835938 11.840000152587890625 11.68000030517578125 11.510000228881835938 11.350000381469726562 11.18000030517578125 11.100000381469726562 11.010000228881835938 10.939999580383300781 10.859999656677246094 10.779999732971191406 10.689999580383300781 10.600000381469726562 10.510000228881835938
12.979999542236328125 12.869999885559082031 12.760000228881835938 12.670000076293945312 12.560000419616699219 12.579999923706054688 12.609999656677246094 12.640000343322753906 12.670000076293945312 12.699999809265136719 12.560000419616699219 12.420000076293945312 12.270000457763671875 12.130000114440917969 11.989999771118164062 12.010000228881835938 12.029999732971191406 12.039999961853027344 12.060000419616699219 12.090000152587890625 12.06999969482421875 12.060000419616699219 12.039999961853027344 12.020000457763671875 12.010000228881835938 11.989999771118164062 11.970000267028808594 11.949999809265136719 11.93000030517578125 11.909999847412109375 11.729999542236328125 11.550000190734863281 11.369999885559082031 11.18000030517578125 11 10.939999580383300781 10.890000343322753906 10.840000152587890625 10.789999961853027344 10.739999771118164062 10.670000076293945312 10.590000152587890625 10.510000228881835938
