DatosClimaticos/DatosMaxEnt/2023/BIO7_2023.asc
ncols        206
nrows        206
xllcorner    -76.208333333333
yllcorner    4.492353333333
cellsize     0.008330000000
NODATA_value -9999
[rows 95 to 113 of 206, columns 129 to 171 of 206]
9.5500001907348632812 9.56999969482421875 9.590000152587890625 9.6199998855590820312 9.7100000381469726562 9.7899999618530273438 9.8900003433227539062 9.979999542236328125 10.06999969482421875 10.090000152587890625 10.109999656677246094 10.130000114440917969 10.159999847412109375 10.199999809265136719 10.25 10.329999923706054688 10.420000076293945312 10.520000457763671875 10.619999885559082031 10.689999580383300781 10.779999732971191406 10.880000114440917969 10.979999542236328125 11.090000152587890625 11.149999618530273438 11.199999809265136719 11.25 11.310000419616699219 11.350000381469726562 11.449999809265136719 11.539999961853027344 11.640000343322753906 11.729999542236328125 11.840000152587890625 11.840000152587890625 11.850000381469726562 11.850000381469726562 11.859999656677246094 11.859999656677246094 11.920000076293945312 11.970000267028808594 12.029999732971191406 12.079999923706054688
9.5600004196166992188 9.590000152587890625 9.6199998855590820312 9.6499996185302734375 9.75 9.840000152587890625 9.9399995803833007812 10.039999961853027344 10.130000114440917969 10.130000114440917969 10.149999618530273438 10.170000076293945312 10.18000030517578125 10.199999809265136719 10.239999771118164062 10.300000190734863281 10.380000114440917969 10.460000038146972656 10.560000419616699219 10.640000343322753906 10.729999542236328125 10.840000152587890625 10.960000038146972656 11.090000152587890625 11.149999618530273438 11.210000038146972656 11.270000457763671875 11.31999969482421875 11.380000114440917969 11.460000038146972656 11.550000190734863281 11.640000343322753906 11.729999542236328125 11.81999969482421875 11.810000419616699219 11.810000419616699219 11.800000190734863281 11.789999961853027344 11.779999732971191406 11.850000381469726562 11.909999847412109375 11.979999542236328125 12.050000190734863281
9.5799999237060546875 9.6099996566772460938 9.6499996185302734375 9.6999998092651367188 9.8000001907348632812 9.8900003433227539062 9.9899997711181640625 10.090000152587890625 10.189999580383300781 10.199999809265136719 10.199999809265136719 10.199999809265136719 10.199999809265136719 10.199999809265136719 10.239999771118164062 10.279999732971191406 10.340000152587890625 10.420000076293945312 10.5 10.600000381469726562 10.699999809265136719 10.810000419616699219 10.949999809265136719 11.090000152587890625 11.149999618530273438 11.210000038146972656 11.270000457763671875 11.340000152587890625 11.399999618530273438 11.479999542236328125 11.560000419616699219 11.640000343322753906 11.720000267028808594 11.800000190734863281 11.779999732971191406 11.760000228881835938 11.739999771118164062 11.720000267028808594 11.710000038146972656 11.770000457763671875 11.850000381469726562 11.939999580383300781 12.020000457763671875
9.5799999237060546875 9.6400003433227539062 9.6999998092651367188 9.770000457763671875 9.8699998855590820312 9.9600000381469726562 10.060000419616699219 10.159999847412109375 10.25 10.25 10.260000228881835938 10.260000228881835938 10.25 10.260000228881835938 10.300000190734863281 10.329999923706054688 10.390000343322753906 10.460000038146972656 10.550000190734863281 10.640000343322753906 10.729999542236328125 10.81999969482421875 10.939999580383300781 11.050000190734863281 11.130000114440917969 11.189999580383300781 11.260000228881835938 11.329999923706054688 11.390000343322753906 11.479999542236328125 11.560000419616699219 11.640000343322753906 11.720000267028808594 11.800000190734863281 11.789999961853027344 11.789999961853027344 11.789999961853027344 11.779999732971191406 11.779999732971191406 11.840000152587890625 11.909999847412109375 11.979999542236328125 12.039999961853027344
9.6000003814697265625 9.6700000762939453125 9.7600002288818359375 9.8500003814697265625 9.9399995803833007812 10.039999961853027344 10.130000114440917969 10.220000267028808594 10.310000419616699219 10.31999969482421875 10.310000419616699219 10.31999969482421875 10.31999969482421875 10.31999969482421875 10.350000381469726562 10.390000343322753906 10.449999809265136719 10.510000228881835938 10.619999885559082031 10.689999580383300781 10.770000457763671875 10.840000152587890625 10.920000076293945312 11.020000457763671875 11.090000152587890625 11.170000076293945312 11.239999771118164062 11.31999969482421875 11.399999618530273438 11.479999542236328125 11.560000419616699219 11.640000343322753906 11.720000267028808594 11.800000190734863281 11.810000419616699219 11.81999969482421875 11.840000152587890625 11.850000381469726562 11.850000381469726562 11.909999847412109375 11.960000038146972656 12.020000457763671875 12.079999923706054688
9.6099996566772460938 9.7200002670288085938 9.8299999237060546875 9.93000030517578125 10.020000457763671875 10.109999656677246094 10.199999809265136719 10.279999732971191406 10.369999885559082031 10.380000114440917969 10.380000114440917969 10.380000114440917969 10.380000114440917969 10.369999885559082031 10.420000076293945312 10.460000038146972656 10.5 10.56999969482421875 10.670000076293945312 10.739999771118164062 10.800000190734863281 10.869999885559082031 10.93000030517578125 11 11.060000419616699219 11.140000343322753906 11.229999542236328125 11.310000419616699219 11.399999618530273438 11.479999542236328125 11.560000419616699219 11.640000343322753906 11.720000267028808594 11.800000190734863281 11.829999923706054688 11.859999656677246094 11.880000114440917969 11.899999618530273438 11.93000030517578125 11.979999542236328125 12.020000457763671875 12.060000419616699219 12.109999656677246094
9.6400003433227539062 9.770000457763671875 9.8800001144409179688 10.010000228881835938 10.100000381469726562 10.18000030517578125 10.260000228881835938 10.350000381469726562 10.43000030517578125 10.439999580383300781 10.439999580383300781 10.439999580383300781 10.439999580383300781 10.439999580383300781 10.470000267028808594 10.520000457763671875 10.560000419616699219 10.640000343322753906 10.729999542236328125 10.779999732971191406 10.840000152587890625 10.890000343322753906 10.949999809265136719 10.989999771118164062 11.050000190734863281 11.119999885559082031 11.210000038146972656 11.300000190734863281 11.399999618530273438 11.479999542236328125 11.560000419616699219 11.640000343322753906 11.720000267028808594 11.800000190734863281 11.850000381469726562 11.880000114440917969 11.93000030517578125 11.970000267028808594 12.020000457763671875 12.039999961853027344 12.06999969482421875 12.119999885559082031 12.149999618530273438
9.68000030517578125 9.8100004196166992188 9.9499998092651367188 10.090000152587890625 10.170000076293945312 10.25 10.329999923706054688 10.420000076293945312 10.5 10.5 10.489999771118164062 10.5 10.5 10.5 10.539999961853027344 10.579999923706054688 10.630000114440917969 10.710000038146972656 10.789999961853027344 10.840000152587890625 10.880000114440917969 10.909999847412109375 10.960000038146972656 11 11.039999961853027344 11.100000381469726562 11.199999809265136719 11.289999961853027344 11.390000343322753906 11.479999542236328125 11.560000419616699219 11.640000343322753906 11.720000267028808594 11.800000190734863281 11.850000381469726562 11.909999847412109375 11.970000267028808594 12.039999961853027344 12.100000381469726562 12.119999885559082031 12.140000343322753906 12.159999847412109375 12.18000030517578125
9.6999998092651367188 9.81999969482421875 9.9600000381469726562 10.090000152587890625 10.170000076293945312 10.260000228881835938 10.340000152587890625 10.420000076293945312 10.489999771118164062 10.489999771118164062 10.489999771118164062 10.489999771118164062 10.479999542236328125 10.479999542236328125 10.520000457763671875 10.550000190734863281 10.600000381469726562 10.68000030517578125 10.75 10.800000190734863281 10.850000381469726562 10.890000343322753906 10.93000030517578125 10.979999542236328125 11.029999732971191406 11.100000381469726562 11.199999809265136719 11.310000419616699219 11.409999847412109375 11.5 11.579999923706054688 11.659999847412109375 11.739999771118164062 11.810000419616699219 11.859999656677246094 11.920000076293945312 11.970000267028808594 12.020000457763671875 12.06999969482421875 12.100000381469726562 12.130000114440917969 12.159999847412109375 12.189999580383300781
9.7200002670288085938 9.840000152587890625 9.9700002670288085938 10.090000152587890625 10.18000030517578125 10.260000228881835938 10.329999923706054688 10.420000076293945312 10.489999771118164062 10.489999771118164062 10.479999542236328125 10.470000267028808594 10.470000267028808594 10.460000038146972656 10.489999771118164062 10.520000457763671875 10.560000419616699219 10.640000343322753906 10.720000267028808594 10.770000457763671875 10.810000419616699219 10.859999656677246094 10.909999847412109375 10.960000038146972656 11.020000457763671875 11.109999656677246094 11.210000038146972656 11.31999969482421875 11.43000030517578125 11.520000457763671875 11.600000381469726562 11.68000030517578125 11.760000228881835938 11.829999923706054688 11.880000114440917969 11.920000076293945312 11.970000267028808594 12.010000228881835938 12.050000190734863281 12.090000152587890625 12.130000114440917969 12.159999847412109375 12.199999809265136719
9.7399997711181640625 9.8599996566772460938 9.9700002670288085938 10.090000152587890625 10.18000030517578125 10.25 10.329999923706054688 10.420000076293945312 10.489999771118164062 10.489999771118164062 10.470000267028808594 10.460000038146972656 10.449999809265136719 10.439999580383300781 10.470000267028808594 10.5 10.520000457763671875 10.590000152587890625 10.68000030517578125 10.729999542236328125 10.779999732971191406 10.829999923706054688 10.880000114440917969 10.939999580383300781 11.010000228881835938 11.109999656677246094 11.220000267028808594 11.340000152587890625 11.460000038146972656 11.539999961853027344 11.619999885559082031 11.699999809265136719 11.779999732971191406 11.850000381469726562 11.890000343322753906 11.93000030517578125 11.960000038146972656 12 12.029999732971191406 12.079999923706054688 12.119999885559082031 12.170000076293945312 12.210000038146972656
9.770000457763671875 9.8699998855590820312 9.9899997711181640625 10.100000381469726562 10.170000076293945312 10.260000228881835938 10.340000152587890625 10.420000076293945312 10.489999771118164062 10.479999542236328125 10.470000267028808594 10.449999809265136719 10.43000030517578125 10.420000076293945312 10.439999580383300781 10.470000267028808594 10.489999771118164062 10.560000419616699219 10.640000343322753906 10.689999580383300781 10.75 10.800000190734863281 10.859999656677246094 10.920000076293945312 11.010000228881835938 11.119999885559082031 11.25 11.359999656677246094 11.470000267028808594 11.560000419616699219 11.640000343322753906 11.720000267028808594 11.800000190734863281 11.869999885559082031 11.899999618530273438 11.93000030517578125 11.960000038146972656 11.989999771118164062 12.020000457763671875 12.06999969482421875 12.119999885559082031 12.170000076293945312 12.220000267028808594
9.7899999618530273438 9.8900003433227539062 10 10.100000381469726562 10.170000076293945312 10.25 10.329999923706054688 10.409999847412109375 10.489999771118164062 10.479999542236328125 10.460000038146972656 10.439999580383300781 10.420000076293945312 10.399999618530273438 10.420000076293945312 10.439999580383300781 10.460000038146972656 10.520000457763671875 10.600000381469726562 10.659999847412109375 10.720000267028808594 10.779999732971191406 10.840000152587890625 10.899999618530273438 11.010000228881835938 11.140000343322753906 11.260000228881835938 11.369999885559082031 11.489999771118164062 11.579999923706054688 11.659999847412109375 11.739999771118164062 11.81999969482421875 11.890000343322753906 11.909999847412109375 11.93000030517578125 11.960000038146972656 11.979999542236328125 12 12.050000190734863281 12.109999656677246094 12.170000076293945312 12.229999542236328125
9.8100004196166992188 9.909999847412109375 10 10.100000381469726562 10.18000030517578125 10.260000228881835938 10.329999923706054688 10.420000076293945312 10.489999771118164062 10.489999771118164062 10.470000267028808594 10.449999809265136719 10.439999580383300781 10.420000076293945312 10.439999580383300781 10.460000038146972656 10.479999542236328125 10.520000457763671875 10.600000381469726562 10.659999847412109375 10.720000267028808594 10.770000457763671875 10.840000152587890625 10.890000343322753906 11.010000228881835938 11.130000114440917969 11.25 11.380000114440917969 11.489999771118164062 11.579999923706054688 11.640000343322753906 11.720000267028808594 11.800000190734863281 11.880000114440917969 11.899999618530273438 11.920000076293945312 11.960000038146972656 11.979999542236328125 12 12.060000419616699219 12.109999656677246094 12.170000076293945312 12.229999542236328125
9.81999969482421875 9.9200000762939453125 10.010000228881835938 10.090000152587890625 10.18000030517578125 10.260000228881835938 10.340000152587890625 10.420000076293945312 10.489999771118164062 10.489999771118164062 10.479999542236328125 10.460000038146972656 10.449999809265136719 10.439999580383300781 10.460000038146972656 10.479999542236328125 10.5 10.529999732971191406 10.600000381469726562 10.659999847412109375 10.720000267028808594 10.779999732971191406 10.829999923706054688 10.890000343322753906 11.010000228881835938 11.140000343322753906 11.25 11.380000114440917969 11.489999771118164062 11.560000419616699219 11.640000343322753906 11.710000038146972656 11.779999732971191406 11.859999656677246094 11.880000114440917969 11.920000076293945312 11.939999580383300781 11.970000267028808594 12 12.050000190734863281 12.109999656677246094 12.159999847412109375 12.210000038146972656
9.840000152587890625 9.909999847412109375 10 10.090000152587890625 10.170000076293945312 10.260000228881835938 10.340000152587890625 10.409999847412109375 10.5 10.5 10.479999542236328125 10.479999542236328125 10.470000267028808594 10.460000038146972656 10.479999542236328125 10.5 10.520000457763671875 10.539999961853027344 10.600000381469726562 10.659999847412109375 10.720000267028808594 10.779999732971191406 10.840000152587890625 10.890000343322753906 11.010000228881835938 11.130000114440917969 11.260000228881835938 11.369999885559082031 11.489999771118164062 11.560000419616699219 11.630000114440917969 11.699999809265136719 11.770000457763671875 11.840000152587890625 11.869999885559082031 11.899999618530273438 11.939999580383300781 11.960000038146972656 12 12.050000190734863281 12.100000381469726562 12.149999618530273438 12.189999580383300781
9.840000152587890625 9.9200000762939453125 10.010000228881835938 10.090000152587890625 10.18000030517578125 10.260000228881835938 10.329999923706054688 10.409999847412109375 10.5 10.5 10.489999771118164062 10.489999771118164062 10.489999771118164062 10.479999542236328125 10.5 10.520000457763671875 10.539999961853027344 10.560000419616699219 10.600000381469726562 10.659999847412109375 10.710000038146972656 10.779999732971191406 10.840000152587890625 10.890000343322753906 11.020000457763671875 11.130000114440917969 11.25 11.369999885559082031 11.489999771118164062 11.560000419616699219 11.619999885559082031 11.689999580383300781 11.75 11.81999969482421875 11.859999656677246094 11.890000343322753906 11.920000076293945312 11.960000038146972656 12 12.050000190734863281 12.090000152587890625 12.130000114440917969 12.18000030517578125
9.8500003814697265625 9.93000030517578125 10.010000228881835938 10.090000152587890625 10.170000076293945312 10.260000228881835938 10.340000152587890625 10.420000076293945312 10.489999771118164062 10.5 10.5 10.489999771118164062 10.5 10.5 10.520000457763671875 10.539999961853027344 10.560000419616699219 10.579999923706054688 10.600000381469726562 10.649999618530273438 10.710000038146972656 10.770000457763671875 10.829999923706054688 10.890000343322753906 11.010000228881835938 11.130000114440917969 11.25 11.369999885559082031 11.489999771118164062 11.560000419616699219 11.619999885559082031 11.68000030517578125 11.729999542236328125 11.789999961853027344 11.840000152587890625 11.880000114440917969 11.920000076293945312 11.960000038146972656 12 12.039999961853027344 12.079999923706054688 12.119999885559082031 12.159999847412109375
9.8999996185302734375 9.9700002670288085938 10.039999961853027344 10.109999656677246094 10.189999580383300781 10.270000457763671875 10.350000381469726562 10.420000076293945312 10.489999771118164062 10.489999771118164062 10.5 10.489999771118164062 10.479999542236328125 10.479999542236328125 10.510000228881835938 10.539999961853027344 10.56999969482421875 10.590000152587890625 10.619999885559082031 10.689999580383300781 10.75 10.81999969482421875 10.890000343322753906 10.949999809265136719 11.060000419616699219 11.159999847412109375 11.260000228881835938 11.369999885559082031 11.470000267028808594 11.539999961853027344 11.600000381469726562 11.649999618530273438 11.720000267028808594 11.770000457763671875 11.800000190734863281 11.850000381469726562 11.890000343322753906 11.939999580383300781 11.979999542236328125 12.020000457763671875 12.050000190734863281 12.090000152587890625 12.140000343322753906
